10370998
80841678
51061762
49159981
57990767
21844462
18034385
65104798
77914515
77772275
4085654
42704301
92133704
54964045
40205362
66379951
19188321
39049820
23809112
79364969
41030724
2636116
268672
80359914
86524720
90823277
6013920
1145956
91341311
45433752
99183784
95621192
68145492
90055077
90628106
24059247
55860795
33741278
58207725
2767297
40339480
56894946
83888868
87447919
59389523
201505
76737558
83359201
24182100
36949873
35290166
48687422
3257676
83063824
60929303
94843324
3722716
93404167
62011084
17583355
23253046
3715623
14367945
86379493
59087170
23243451
18795124
93325304
11122595
13049771
39196709
67458684
17384680
89768111
31660542
80891145
44704561
84684880
10105015
817900
66724784
58868389
35984130
87823331
86045148
77055124
75769839
52664315
91907930
88551469
55322818
33330349
84514589
16786586
96940809
4671395
57930364
98830026
48292251
93515575
56268862
78049133
26441284
95967345
66173884
60737988
73105730
87311022
45966295
58789547
60878273
99551388
1328609
63689596
57840713
43845652
23431698
41522007
19650994
70182113
90841950
62131767
6112850
88184180
12949203
84433728
75788339
98273758
1007261
25393380
83162668
71503917
41075269
81211873
27260778
28309619
37554216
27547898
72662283
41929066
61420277
7590794
24149427
5353177
68903274
34198660
97068585
73044858
46581299
58390382
76641594
35894522
83436488
8177715
45842365
98754966
49919178
5235580
4929843
77541621
38163741
90633346
23671797
82213278
36531302
61041847
17788950
49608041
99675788
11630499
61233138
41628583
92266932
30126891
23641082
78532406
31205749
90989110
51174771
83094085
15847723
52947322
59016199
72860645
84603707
980971
48285897
94206312
29281282
68293751
51011270
51730009
24463159
7681489
92136247
9474054
69801327
8599339
67566198
12049127
26151192
52103752
33363052
76065998
65785134
9019439
92927905
5308896
64298865
1239495
39006061
51364762
22308813
14655005
53558984
49759204
1201032
59964800
80763617
1473524
70346083
81603799
30891318
68565930
47788474
58136656
17005113
32102761
97465330
70655430
54072013
4564
22043302
87742359
40240921
71190010
26538220
94530222
18040548
54452788
18046682
10158049
67333877
68983459
65682174
1257026
13631715
87917889
21068042
8080876
