# BEGIN PLOT
LegendOnly=/CMS_2011_S8884919/d03-x01-y01 //home/ceskajak/Ups/PYTHIA/rivet_MinBias_noSD/PY_rivet_MinBias_noSD.yoda/CMS_2011_S8884919/d03-x01-y01
DrawOnly=/CMS_2011_S8884919/d03-x01-y01 //home/ceskajak/Ups/PYTHIA/rivet_MinBias_noSD/PY_rivet_MinBias_noSD.yoda/CMS_2011_S8884919/d03-x01-y01
Title=Charged hadron multiplicity, $|\eta| < 1.0$, $\sqrt{s} = 0.9\,\text{TeV}$
RatioPlot=1
LogY=1
FullRange=1
RatioPlotReference=/CMS_2011_S8884919/d03-x01-y01
LegendXPos=0.7
XLabel=n
YLabel=$P_{n}$
Legend=1
# END PLOT

# BEGIN HISTO1D /CMS_2011_S8884919/d03-x01-y01
ConnectBins=0
ErrorBars=1
IsRef=1
Path=/CMS_2011_S8884919/d03-x01-y01
PolyMarker=*
Title=Data
# xlow	 xhigh	 val	 errminus	 errplus
-5.000000e-01	5.000000e-01	1.076000e-01	1.580285e-02	2.725949e-02
5.000000e-01	1.500000e+00	6.550000e-02	9.464143e-03	1.115437e-02
1.500000e+00	2.500000e+00	7.574000e-02	8.214195e-03	9.740395e-03
2.500000e+00	3.500000e+00	8.168000e-02	6.764266e-03	8.248079e-03
3.500000e+00	4.500000e+00	8.130000e-02	5.891664e-03	7.285582e-03
4.500000e+00	5.500000e+00	7.622000e-02	5.200240e-03	6.454340e-03
5.500000e+00	6.500000e+00	6.843000e-02	4.441734e-03	5.595159e-03
6.500000e+00	7.500000e+00	6.034000e-02	3.671512e-03	4.804040e-03
7.500000e+00	8.500000e+00	5.259000e-02	2.914944e-03	4.055046e-03
8.500000e+00	9.500000e+00	4.580000e-02	2.415057e-03	3.454417e-03
9.500000e+00	1.050000e+01	3.987000e-02	2.055432e-03	2.964456e-03
1.050000e+01	1.150000e+01	3.472000e-02	1.767060e-03	2.545584e-03
1.150000e+01	1.250000e+01	3.035000e-02	1.550032e-03	2.198045e-03
1.250000e+01	1.350000e+01	2.661000e-02	1.380036e-03	1.908743e-03
1.350000e+01	1.450000e+01	2.328000e-02	1.268464e-03	1.669042e-03
1.450000e+01	1.550000e+01	2.018000e-02	1.176308e-03	1.468911e-03
1.550000e+01	1.650000e+01	1.728000e-02	1.084159e-03	1.317953e-03
1.650000e+01	1.750000e+01	1.470000e-02	9.823441e-04	1.186634e-03
1.750000e+01	1.850000e+01	1.250000e-02	8.805680e-04	1.065129e-03
1.850000e+01	1.950000e+01	1.067000e-02	7.692204e-04	9.339165e-04
1.950000e+01	2.050000e+01	9.160000e-03	6.705222e-04	8.052329e-04
2.050000e+01	2.150000e+01	7.860000e-03	5.913544e-04	6.868042e-04
2.150000e+01	2.250000e+01	6.710000e-03	5.375872e-04	5.948109e-04
2.250000e+01	2.350000e+01	5.700000e-03	5.154610e-04	5.440588e-04
2.350000e+01	2.450000e+01	4.780000e-03	5.124451e-04	5.220153e-04
2.450000e+01	2.550000e+01	3.940000e-03	4.904080e-04	5.192302e-04
2.550000e+01	2.650000e+01	3.190000e-03	4.492215e-04	4.972927e-04
2.650000e+01	2.750000e+01	2.510000e-03	3.700000e-04	4.368066e-04
2.750000e+01	2.850000e+01	1.960000e-03	3.008322e-04	3.573514e-04
2.850000e+01	2.950000e+01	1.560000e-03	2.416609e-04	2.879236e-04
2.950000e+01	3.050000e+01	1.301000e-03	2.110853e-04	2.420021e-04
3.050000e+01	3.150000e+01	1.121000e-03	1.825294e-04	2.031059e-04
3.150000e+01	3.250000e+01	9.840000e-04	1.662077e-04	1.670748e-04
3.250000e+01	3.350000e+01	8.250000e-04	1.466322e-04	1.364588e-04
3.350000e+01	3.450000e+01	6.390000e-04	1.222988e-04	1.197080e-04
3.450000e+01	3.750000e+01	3.780000e-04	7.826238e-05	9.470480e-05
3.750000e+01	4.250000e+01	1.960000e-04	4.742362e-05	5.758472e-05
4.250000e+01	4.750000e+01	6.000000e-05	2.109502e-05	2.195450e-05
4.750000e+01	5.250000e+01	1.250000e-05	6.161980e-06	7.481310e-06
5.250000e+01	5.750000e+01	1.600000e-06	1.360147e-06	1.702939e-06
# END HISTO1D


# BEGIN HISTO1D //home/ceskajak/Ups/PYTHIA/rivet_MinBias_noSD/PY_rivet_MinBias_noSD.yoda/CMS_2011_S8884919/d03-x01-y01
LineColor=red
LineStyle=solid
Path=//home/ceskajak/Ups/PYTHIA/rivet_MinBias_noSD/PY_rivet_MinBias_noSD.yoda/CMS_2011_S8884919/d03-x01-y01
ScaledBy=3.98033538864823826e-10
Title=PY_rivet_MinBias_noSD
XLabel=~
YLabel=~
# xlow	 xhigh	 val	 errminus	 errplus
-5.000000e-01	5.000000e-01	1.976780e-02	2.805040e-06	2.805040e-06
5.000000e-01	1.500000e+00	1.222637e-02	2.206015e-06	2.206015e-06
1.500000e+00	2.500000e+00	1.969527e-02	2.799889e-06	2.799889e-06
2.500000e+00	3.500000e+00	2.736502e-02	3.300333e-06	3.300333e-06
3.500000e+00	4.500000e+00	3.209165e-02	3.574010e-06	3.574010e-06
4.500000e+00	5.500000e+00	3.343268e-02	3.647921e-06	3.647921e-06
5.500000e+00	6.500000e+00	3.234521e-02	3.588103e-06	3.588103e-06
6.500000e+00	7.500000e+00	3.021498e-02	3.467935e-06	3.467935e-06
7.500000e+00	8.500000e+00	2.835146e-02	3.359290e-06	3.359290e-06
8.500000e+00	9.500000e+00	2.702322e-02	3.279657e-06	3.279657e-06
9.500000e+00	1.050000e+01	2.636211e-02	3.239290e-06	3.239290e-06
1.050000e+01	1.150000e+01	2.593350e-02	3.212849e-06	3.212849e-06
1.150000e+01	1.250000e+01	2.571390e-02	3.199217e-06	3.199217e-06
1.250000e+01	1.350000e+01	2.542226e-02	3.181023e-06	3.181023e-06
1.350000e+01	1.450000e+01	2.527438e-02	3.171758e-06	3.171758e-06
1.450000e+01	1.550000e+01	2.514991e-02	3.163939e-06	3.163939e-06
1.550000e+01	1.650000e+01	2.480536e-02	3.142191e-06	3.142191e-06
1.650000e+01	1.750000e+01	2.467219e-02	3.133746e-06	3.133746e-06
1.750000e+01	1.850000e+01	2.438562e-02	3.115493e-06	3.115493e-06
1.850000e+01	1.950000e+01	2.421623e-02	3.104653e-06	3.104653e-06
1.950000e+01	2.050000e+01	2.382481e-02	3.079460e-06	3.079460e-06
2.050000e+01	2.150000e+01	2.383264e-02	3.079966e-06	3.079966e-06
2.150000e+01	2.250000e+01	2.351122e-02	3.059127e-06	3.059127e-06
2.250000e+01	2.350000e+01	2.300965e-02	3.026320e-06	3.026320e-06
2.350000e+01	2.450000e+01	2.269344e-02	3.005454e-06	3.005454e-06
2.450000e+01	2.550000e+01	2.240530e-02	2.986313e-06	2.986313e-06
2.550000e+01	2.650000e+01	2.197017e-02	2.957172e-06	2.957172e-06
2.650000e+01	2.750000e+01	2.122469e-02	2.906568e-06	2.906568e-06
2.750000e+01	2.850000e+01	2.078570e-02	2.876353e-06	2.876353e-06
2.850000e+01	2.950000e+01	2.010023e-02	2.828527e-06	2.828527e-06
2.950000e+01	3.050000e+01	1.941119e-02	2.779623e-06	2.779623e-06
3.050000e+01	3.150000e+01	1.868583e-02	2.727194e-06	2.727194e-06
3.150000e+01	3.250000e+01	1.773472e-02	2.656880e-06	2.656880e-06
3.250000e+01	3.350000e+01	1.701435e-02	2.602360e-06	2.602360e-06
3.350000e+01	3.450000e+01	1.624572e-02	2.542900e-06	2.542900e-06
3.450000e+01	3.750000e+01	1.444206e-02	1.384248e-06	1.384248e-06
3.750000e+01	4.250000e+01	1.099602e-02	9.356050e-07	9.356050e-07
4.250000e+01	4.750000e+01	7.034360e-03	7.483195e-07	7.483195e-07
4.750000e+01	5.250000e+01	4.019308e-03	5.656535e-07	5.656535e-07
5.250000e+01	5.750000e+01	2.144442e-03	4.131730e-07	4.131730e-07
# END HISTO1D

