# BEGIN PLOT
LegendOnly=/CMS_2011_S8884919/d05-x01-y01 //home/ceskajak/Ups/PYTHIA/rivet_MinBias_noSD/PY_rivet_MinBias_noSD.yoda/CMS_2011_S8884919/d05-x01-y01
DrawOnly=/CMS_2011_S8884919/d05-x01-y01 //home/ceskajak/Ups/PYTHIA/rivet_MinBias_noSD/PY_rivet_MinBias_noSD.yoda/CMS_2011_S8884919/d05-x01-y01
Title=Charged hadron multiplicity, $|\eta| < 2.0$, $\sqrt{s} = 0.9\,\text{TeV}$
RatioPlot=1
LogY=1
FullRange=1
RatioPlotReference=/CMS_2011_S8884919/d05-x01-y01
LegendXPos=0.7
XLabel=n
YLabel=$P_{n}$
Legend=1
# END PLOT

# BEGIN HISTO1D /CMS_2011_S8884919/d05-x01-y01
ConnectBins=0
ErrorBars=1
IsRef=1
Path=/CMS_2011_S8884919/d05-x01-y01
PolyMarker=*
Title=Data
# xlow	 xhigh	 val	 errminus	 errplus
-5.000000e-01	5.000000e-01	5.610000e-02	1.767767e-02	9.323352e-02
5.000000e-01	1.500000e+00	2.321000e-02	3.660738e-03	4.710170e-03
1.500000e+00	2.500000e+00	2.645000e-02	5.079094e-03	5.736898e-03
2.500000e+00	3.500000e+00	3.100000e-02	6.069811e-03	6.618164e-03
3.500000e+00	4.500000e+00	3.620000e-02	6.147235e-03	6.715772e-03
4.500000e+00	5.500000e+00	4.081000e-02	5.458580e-03	6.096630e-03
5.500000e+00	6.500000e+00	4.402000e-02	4.473712e-03	5.190424e-03
6.500000e+00	7.500000e+00	4.548000e-02	3.597013e-03	4.362247e-03
7.500000e+00	8.500000e+00	4.592000e-02	3.456848e-03	4.172218e-03
8.500000e+00	9.500000e+00	4.515000e-02	3.228761e-03	3.913694e-03
9.500000e+00	1.050000e+01	4.342000e-02	2.979748e-03	3.644283e-03
1.050000e+01	1.150000e+01	4.101000e-02	2.739361e-03	3.363867e-03
1.150000e+01	1.250000e+01	3.836000e-02	2.540118e-03	3.114514e-03
1.250000e+01	1.350000e+01	3.573000e-02	2.313115e-03	2.876560e-03
1.350000e+01	1.450000e+01	3.316000e-02	2.057304e-03	2.629087e-03
1.450000e+01	1.550000e+01	3.079000e-02	1.820110e-03	2.390397e-03
1.550000e+01	1.650000e+01	2.868000e-02	1.632483e-03	2.181605e-03
1.650000e+01	1.750000e+01	2.679000e-02	1.484318e-03	2.002623e-03
1.750000e+01	1.850000e+01	2.506000e-02	1.372771e-03	1.851486e-03
1.850000e+01	1.950000e+01	2.343000e-02	1.287866e-03	1.728034e-03
1.950000e+01	2.050000e+01	2.187000e-02	1.217539e-03	1.608229e-03
2.050000e+01	2.150000e+01	2.039000e-02	1.127918e-03	1.478716e-03
2.150000e+01	2.250000e+01	1.901000e-02	1.041201e-03	1.361249e-03
2.250000e+01	2.350000e+01	1.780000e-02	9.741663e-04	1.253994e-03
2.350000e+01	2.450000e+01	1.668000e-02	9.360556e-04	1.176308e-03
2.450000e+01	2.550000e+01	1.556000e-02	9.139475e-04	1.115706e-03
2.550000e+01	2.650000e+01	1.445000e-02	9.013878e-04	1.084159e-03
2.650000e+01	2.750000e+01	1.334000e-02	8.697701e-04	1.033247e-03
2.750000e+01	2.850000e+01	1.229000e-02	8.190849e-04	9.630161e-04
2.850000e+01	2.950000e+01	1.132000e-02	7.433034e-04	9.244458e-04
2.950000e+01	3.050000e+01	1.045000e-02	6.741662e-04	8.352245e-04
3.050000e+01	3.150000e+01	9.670000e-03	6.239391e-04	6.989278e-04
3.150000e+01	3.250000e+01	8.960000e-03	5.961543e-04	6.519202e-04
3.250000e+01	3.350000e+01	8.290000e-03	5.830952e-04	6.203225e-04
3.350000e+01	3.450000e+01	7.630000e-03	5.738467e-04	6.109828e-04
3.450000e+01	3.550000e+01	6.990000e-03	5.515433e-04	5.887274e-04
3.550000e+01	3.650000e+01	6.370000e-03	5.292447e-04	5.664804e-04
3.650000e+01	3.750000e+01	5.780000e-03	4.976947e-04	5.348832e-04
3.750000e+01	3.850000e+01	5.270000e-03	4.609772e-04	4.976947e-04
3.850000e+01	3.950000e+01	4.820000e-03	4.295346e-04	4.477723e-04
3.950000e+01	4.050000e+01	4.410000e-03	4.024922e-04	4.204759e-04
4.050000e+01	4.150000e+01	4.120000e-03	4.386342e-04	3.935734e-04
4.150000e+01	4.250000e+01	3.630000e-03	3.712142e-04	3.981206e-04
4.250000e+01	4.350000e+01	3.280000e-03	3.667424e-04	3.848376e-04
4.350000e+01	4.450000e+01	2.920000e-03	3.624914e-04	3.807887e-04
4.450000e+01	4.550000e+01	2.610000e-03	3.534119e-04	3.716181e-04
4.550000e+01	4.650000e+01	2.330000e-03	3.310589e-04	3.584690e-04
4.650000e+01	4.750000e+01	2.090000e-03	3.130495e-04	3.492850e-04
4.750000e+01	4.850000e+01	1.850000e-03	2.817801e-04	3.178050e-04
4.850000e+01	4.950000e+01	1.640000e-03	2.555386e-04	2.906888e-04
4.950000e+01	5.050000e+01	1.460000e-03	2.332381e-04	2.505993e-04
5.050000e+01	5.150000e+01	1.310000e-03	2.163331e-04	2.247221e-04
5.150000e+01	5.250000e+01	1.170000e-03	1.860108e-04	2.024846e-04
5.250000e+01	5.350000e+01	1.060000e-03	1.640122e-04	1.802776e-04
5.350000e+01	5.450000e+01	9.700000e-04	1.562050e-04	1.640122e-04
5.450000e+01	5.550000e+01	8.900000e-04	1.562050e-04	1.640122e-04
5.550000e+01	5.650000e+01	8.200000e-04	1.548063e-04	1.564001e-04
5.650000e+01	5.850000e+01	6.630000e-04	1.395887e-04	1.422392e-04
5.850000e+01	6.150000e+01	4.530000e-04	1.075639e-04	1.028834e-04
6.150000e+01	7.150000e+01	2.120000e-04	6.676077e-05	6.868042e-05
7.150000e+01	8.150000e+01	7.700000e-05	2.996665e-05	3.361547e-05
8.150000e+01	9.150000e+01	1.120000e-05	6.551336e-06	7.071068e-06
# END HISTO1D


# BEGIN HISTO1D //home/ceskajak/Ups/PYTHIA/rivet_MinBias_noSD/PY_rivet_MinBias_noSD.yoda/CMS_2011_S8884919/d05-x01-y01
LineColor=red
LineStyle=solid
Path=//home/ceskajak/Ups/PYTHIA/rivet_MinBias_noSD/PY_rivet_MinBias_noSD.yoda/CMS_2011_S8884919/d05-x01-y01
ScaledBy=3.98033538864823826e-10
Title=PY_rivet_MinBias_noSD
XLabel=~
YLabel=~
# xlow	 xhigh	 val	 errminus	 errplus
-5.000000e-01	5.000000e-01	1.181943e-02	2.168993e-06	2.168993e-06
5.000000e-01	1.500000e+00	3.426662e-03	1.167872e-06	1.167872e-06
1.500000e+00	2.500000e+00	3.465510e-03	1.174474e-06	1.174474e-06
2.500000e+00	3.500000e+00	4.382311e-03	1.320722e-06	1.320722e-06
3.500000e+00	4.500000e+00	6.130020e-03	1.562035e-06	1.562035e-06
4.500000e+00	5.500000e+00	8.633944e-03	1.853807e-06	1.853807e-06
5.500000e+00	6.500000e+00	1.158078e-02	2.146983e-06	2.146983e-06
6.500000e+00	7.500000e+00	1.448905e-02	2.401485e-06	2.401485e-06
7.500000e+00	8.500000e+00	1.683296e-02	2.588452e-06	2.588452e-06
8.500000e+00	9.500000e+00	1.824917e-02	2.695141e-06	2.695141e-06
9.500000e+00	1.050000e+01	1.871709e-02	2.729474e-06	2.729474e-06
1.050000e+01	1.150000e+01	1.822041e-02	2.693016e-06	2.693016e-06
1.150000e+01	1.250000e+01	1.730788e-02	2.624713e-06	2.624713e-06
1.250000e+01	1.350000e+01	1.617399e-02	2.537280e-06	2.537280e-06
1.350000e+01	1.450000e+01	1.513846e-02	2.454713e-06	2.454713e-06
1.450000e+01	1.550000e+01	1.424473e-02	2.381151e-06	2.381151e-06
1.550000e+01	1.650000e+01	1.358052e-02	2.324974e-06	2.324974e-06
1.650000e+01	1.750000e+01	1.311919e-02	2.285143e-06	2.285143e-06
1.750000e+01	1.850000e+01	1.285219e-02	2.261770e-06	2.261770e-06
1.850000e+01	1.950000e+01	1.265932e-02	2.244735e-06	2.244735e-06
1.950000e+01	2.050000e+01	1.266353e-02	2.245108e-06	2.245108e-06
2.050000e+01	2.150000e+01	1.268760e-02	2.247240e-06	2.247240e-06
2.150000e+01	2.250000e+01	1.260326e-02	2.239759e-06	2.239759e-06
2.250000e+01	2.350000e+01	1.272418e-02	2.250478e-06	2.250478e-06
2.350000e+01	2.450000e+01	1.259187e-02	2.238746e-06	2.238746e-06
2.450000e+01	2.550000e+01	1.259750e-02	2.239247e-06	2.239247e-06
2.550000e+01	2.650000e+01	1.251435e-02	2.231845e-06	2.231845e-06
2.650000e+01	2.750000e+01	1.253832e-02	2.233981e-06	2.233981e-06
2.750000e+01	2.850000e+01	1.251593e-02	2.231986e-06	2.231986e-06
2.850000e+01	2.950000e+01	1.243755e-02	2.224986e-06	2.224986e-06
2.950000e+01	3.050000e+01	1.238827e-02	2.220573e-06	2.220573e-06
3.050000e+01	3.150000e+01	1.242707e-02	2.224048e-06	2.224048e-06
3.150000e+01	3.250000e+01	1.244175e-02	2.225361e-06	2.225361e-06
3.250000e+01	3.350000e+01	1.238257e-02	2.220063e-06	2.220063e-06
3.350000e+01	3.450000e+01	1.228864e-02	2.211627e-06	2.211627e-06
3.450000e+01	3.550000e+01	1.230515e-02	2.213112e-06	2.213112e-06
3.550000e+01	3.650000e+01	1.227223e-02	2.210149e-06	2.210149e-06
3.650000e+01	3.750000e+01	1.227160e-02	2.210092e-06	2.210092e-06
3.750000e+01	3.850000e+01	1.216907e-02	2.200840e-06	2.200840e-06
3.850000e+01	3.950000e+01	1.231351e-02	2.213863e-06	2.213863e-06
3.950000e+01	4.050000e+01	1.223467e-02	2.206764e-06	2.206764e-06
4.050000e+01	4.150000e+01	1.203712e-02	2.188876e-06	2.188876e-06
4.150000e+01	4.250000e+01	1.216878e-02	2.200814e-06	2.200814e-06
4.250000e+01	4.350000e+01	1.201138e-02	2.186534e-06	2.186534e-06
4.350000e+01	4.450000e+01	1.204726e-02	2.189798e-06	2.189798e-06
4.450000e+01	4.550000e+01	1.207293e-02	2.192129e-06	2.192129e-06
4.550000e+01	4.650000e+01	1.195146e-02	2.181073e-06	2.181073e-06
4.650000e+01	4.750000e+01	1.189196e-02	2.175637e-06	2.175637e-06
4.750000e+01	4.850000e+01	1.193898e-02	2.179935e-06	2.179935e-06
4.850000e+01	4.950000e+01	1.181406e-02	2.168500e-06	2.168500e-06
4.950000e+01	5.050000e+01	1.171447e-02	2.159341e-06	2.159341e-06
5.050000e+01	5.150000e+01	1.168866e-02	2.156960e-06	2.156960e-06
5.150000e+01	5.250000e+01	1.158075e-02	2.146980e-06	2.146980e-06
5.250000e+01	5.350000e+01	1.144282e-02	2.134157e-06	2.134157e-06
5.350000e+01	5.450000e+01	1.137630e-02	2.127945e-06	2.127945e-06
5.450000e+01	5.550000e+01	1.115926e-02	2.107549e-06	2.107549e-06
5.550000e+01	5.650000e+01	1.103512e-02	2.095793e-06	2.095793e-06
5.650000e+01	5.850000e+01	1.091102e-02	1.473593e-06	1.473593e-06
5.850000e+01	6.150000e+01	1.052384e-02	1.181643e-06	1.181643e-06
6.150000e+01	7.150000e+01	9.287054e-03	6.079933e-07	6.079933e-07
7.150000e+01	8.150000e+01	6.856211e-03	5.223985e-07	5.223985e-07
8.150000e+01	9.150000e+01	4.345290e-03	4.158811e-07	4.158811e-07
# END HISTO1D

