# BEGIN PLOT
LegendOnly=/CMS_2011_S8884919/d20-x01-y01 //home/ceskajak/Ups/PYTHIA/rivet_MinBias_noSD/PY_rivet_MinBias_noSD.yoda/CMS_2011_S8884919/d20-x01-y01
DrawOnly=/CMS_2011_S8884919/d20-x01-y01 //home/ceskajak/Ups/PYTHIA/rivet_MinBias_noSD/PY_rivet_MinBias_noSD.yoda/CMS_2011_S8884919/d20-x01-y01
Title=Charged hadron multiplicity, $p_\perp > 500\,\text{GeV}$, $|\eta| < 2.4$, $\sqrt{s} = 0.9\,\text{TeV}$
RatioPlot=1
LogY=1
FullRange=1
RatioPlotReference=/CMS_2011_S8884919/d20-x01-y01
LegendXPos=0.7
XLabel=n
YLabel=$P_{n}$
Legend=1
# END PLOT

# BEGIN HISTO1D /CMS_2011_S8884919/d20-x01-y01
ConnectBins=0
ErrorBars=1
IsRef=1
Path=/CMS_2011_S8884919/d20-x01-y01
PolyMarker=*
Title=Data
# xlow	 xhigh	 val	 errminus	 errplus
-5.000000e-01	5.000000e-01	1.003000e-01	2.557069e-02	3.205636e-02
5.000000e-01	1.500000e+00	1.021000e-01	1.415980e-02	1.645144e-02
1.500000e+00	2.500000e+00	1.080000e-01	9.023774e-03	1.125706e-02
2.500000e+00	3.500000e+00	1.036800e-01	5.930202e-03	8.255986e-03
3.500000e+00	4.500000e+00	9.246000e-02	4.992494e-03	7.010200e-03
4.500000e+00	5.500000e+00	7.816000e-02	4.356145e-03	6.235198e-03
5.500000e+00	6.500000e+00	6.501000e-02	3.743541e-03	5.393227e-03
6.500000e+00	7.500000e+00	5.448000e-02	3.133943e-03	4.523450e-03
7.500000e+00	8.500000e+00	4.589000e-02	2.597537e-03	3.755862e-03
8.500000e+00	9.500000e+00	3.875000e-02	2.200454e-03	3.148142e-03
9.500000e+00	1.050000e+01	3.283000e-02	1.849459e-03	2.647414e-03
1.050000e+01	1.150000e+01	2.809000e-02	1.540292e-03	2.207918e-03
1.150000e+01	1.250000e+01	2.415000e-02	1.280625e-03	1.828223e-03
1.250000e+01	1.350000e+01	2.076000e-02	1.089312e-03	1.537596e-03
1.350000e+01	1.450000e+01	1.778000e-02	9.616652e-04	1.320038e-03
1.450000e+01	1.550000e+01	1.512000e-02	8.823265e-04	1.152085e-03
1.550000e+01	1.650000e+01	1.279000e-02	8.095678e-04	1.011385e-03
1.650000e+01	1.750000e+01	1.075000e-02	7.528612e-04	8.973851e-04
1.750000e+01	1.850000e+01	8.970000e-03	6.896376e-04	8.149233e-04
1.850000e+01	1.950000e+01	7.420000e-03	6.198387e-04	7.446476e-04
1.950000e+01	2.050000e+01	6.120000e-03	5.565968e-04	6.718631e-04
2.050000e+01	2.150000e+01	5.020000e-03	4.838388e-04	5.797413e-04
2.150000e+01	2.250000e+01	4.100000e-03	4.205948e-04	4.972927e-04
2.250000e+01	2.350000e+01	3.350000e-03	3.700000e-04	4.176123e-04
2.350000e+01	2.450000e+01	2.710000e-03	3.195309e-04	3.668787e-04
2.450000e+01	2.550000e+01	2.170000e-03	2.692582e-04	3.162278e-04
2.550000e+01	2.650000e+01	1.756000e-03	2.337349e-04	2.670880e-04
2.650000e+01	2.750000e+01	1.430000e-03	1.977296e-04	2.271057e-04
2.750000e+01	2.850000e+01	1.173000e-03	1.686001e-04	1.950000e-04
2.850000e+01	2.950000e+01	9.540000e-04	1.485295e-04	1.655295e-04
2.950000e+01	3.050000e+01	7.790000e-04	1.285029e-04	1.426639e-04
3.050000e+01	3.150000e+01	6.360000e-04	1.087842e-04	1.248119e-04
3.150000e+01	3.250000e+01	5.020000e-04	9.617692e-05	1.053091e-04
3.250000e+01	3.450000e+01	3.510000e-04	7.353911e-05	8.193290e-05
3.450000e+01	3.750000e+01	1.880000e-04	4.810405e-05	5.281098e-05
3.750000e+01	4.250000e+01	7.720000e-05	2.052754e-05	2.241986e-05
4.250000e+01	4.750000e+01	2.480000e-05	1.028251e-05	1.364844e-05
# END HISTO1D


# BEGIN HISTO1D //home/ceskajak/Ups/PYTHIA/rivet_MinBias_noSD/PY_rivet_MinBias_noSD.yoda/CMS_2011_S8884919/d20-x01-y01
LineColor=red
LineStyle=solid
Path=//home/ceskajak/Ups/PYTHIA/rivet_MinBias_noSD/PY_rivet_MinBias_noSD.yoda/CMS_2011_S8884919/d20-x01-y01
ScaledBy=3.98033538864823826e-10
Title=PY_rivet_MinBias_noSD
XLabel=~
YLabel=~
# xlow	 xhigh	 val	 errminus	 errplus
-5.000000e-01	5.000000e-01	2.145743e-02	2.922461e-06	2.922461e-06
5.000000e-01	1.500000e+00	2.372658e-02	3.073105e-06	3.073105e-06
1.500000e+00	2.500000e+00	3.297187e-02	3.622694e-06	3.622694e-06
2.500000e+00	3.500000e+00	3.680327e-02	3.827393e-06	3.827393e-06
3.500000e+00	4.500000e+00	3.590175e-02	3.780225e-06	3.780225e-06
4.500000e+00	5.500000e+00	3.279654e-02	3.613049e-06	3.613049e-06
5.500000e+00	6.500000e+00	2.982821e-02	3.445668e-06	3.445668e-06
6.500000e+00	7.500000e+00	2.769864e-02	3.320390e-06	3.320390e-06
7.500000e+00	8.500000e+00	2.609924e-02	3.223099e-06	3.223099e-06
8.500000e+00	9.500000e+00	2.509931e-02	3.160754e-06	3.160754e-06
9.500000e+00	1.050000e+01	2.415710e-02	3.100861e-06	3.100861e-06
1.050000e+01	1.150000e+01	2.371265e-02	3.072203e-06	3.072203e-06
1.150000e+01	1.250000e+01	2.301239e-02	3.026500e-06	3.026500e-06
1.250000e+01	1.350000e+01	2.261256e-02	3.000093e-06	3.000093e-06
1.350000e+01	1.450000e+01	2.215819e-02	2.969799e-06	2.969799e-06
1.450000e+01	1.550000e+01	2.182821e-02	2.947602e-06	2.947602e-06
1.550000e+01	1.650000e+01	2.140206e-02	2.918688e-06	2.918688e-06
1.650000e+01	1.750000e+01	2.107430e-02	2.896252e-06	2.896252e-06
1.750000e+01	1.850000e+01	2.076116e-02	2.874654e-06	2.874654e-06
1.850000e+01	1.950000e+01	2.052252e-02	2.858086e-06	2.858086e-06
1.950000e+01	2.050000e+01	2.035961e-02	2.846718e-06	2.846718e-06
2.050000e+01	2.150000e+01	2.008519e-02	2.827469e-06	2.827469e-06
2.150000e+01	2.250000e+01	1.995252e-02	2.818115e-06	2.818115e-06
2.250000e+01	2.350000e+01	1.955832e-02	2.790137e-06	2.790137e-06
2.350000e+01	2.450000e+01	1.937514e-02	2.777041e-06	2.777041e-06
2.450000e+01	2.550000e+01	1.909254e-02	2.756714e-06	2.756714e-06
2.550000e+01	2.650000e+01	1.851975e-02	2.715047e-06	2.715047e-06
2.650000e+01	2.750000e+01	1.827463e-02	2.697020e-06	2.697020e-06
2.750000e+01	2.850000e+01	1.817981e-02	2.690014e-06	2.690014e-06
2.850000e+01	2.950000e+01	1.777621e-02	2.659986e-06	2.659986e-06
2.950000e+01	3.050000e+01	1.729496e-02	2.623733e-06	2.623733e-06
3.050000e+01	3.150000e+01	1.688979e-02	2.592818e-06	2.592818e-06
3.150000e+01	3.250000e+01	1.661025e-02	2.571271e-06	2.571271e-06
3.250000e+01	3.450000e+01	1.583527e-02	1.775242e-06	1.775242e-06
3.450000e+01	3.750000e+01	1.442946e-02	1.383644e-06	1.383644e-06
3.750000e+01	4.250000e+01	1.205759e-02	9.797269e-07	9.797269e-07
4.250000e+01	4.750000e+01	8.870814e-03	8.403430e-07	8.403430e-07
# END HISTO1D

