# BEGIN PLOT
LegendOnly=/CMS_2011_S8884919/d02-x01-y01 //home/ceskajak/Ups/Herwig/rivet_MinBias@900/HE_rivet_MinBias.yoda/CMS_2011_S8884919/d02-x01-y01
DrawOnly=/CMS_2011_S8884919/d02-x01-y01 //home/ceskajak/Ups/Herwig/rivet_MinBias@900/HE_rivet_MinBias.yoda/CMS_2011_S8884919/d02-x01-y01
Title=Charged hadron multiplicity, $|\eta| < 0.5$, $\sqrt{s} = 0.9\,\text{TeV}$
RatioPlot=1
LogY=1
FullRange=1
RatioPlotReference=/CMS_2011_S8884919/d02-x01-y01
LegendXPos=0.7
XLabel=n
YLabel=$P_{n}$
Legend=1
# END PLOT

# BEGIN HISTO1D /CMS_2011_S8884919/d02-x01-y01
ConnectBins=0
ErrorBars=1
IsRef=1
Path=/CMS_2011_S8884919/d02-x01-y01
PolyMarker=*
Title=Data
# xlow	 xhigh	 val	 errminus	 errplus
-5.000000e-01	5.000000e-01	1.930000e-01	2.189155e-02	3.166323e-02
5.000000e-01	1.500000e+00	1.504000e-01	1.218072e-02	1.586190e-02
1.500000e+00	2.500000e+00	1.350700e-01	7.909551e-03	1.094854e-02
2.500000e+00	3.500000e+00	1.164700e-01	6.072833e-03	8.490583e-03
3.500000e+00	4.500000e+00	9.566000e-02	4.838605e-03	7.046453e-03
4.500000e+00	5.500000e+00	7.567000e-02	3.828276e-03	5.675747e-03
5.500000e+00	6.500000e+00	5.817000e-02	3.016836e-03	4.395202e-03
6.500000e+00	7.500000e+00	4.427000e-02	2.365798e-03	3.365071e-03
7.500000e+00	8.500000e+00	3.370000e-02	1.884702e-03	2.604995e-03
8.500000e+00	9.500000e+00	2.572000e-02	1.561089e-03	2.053534e-03
9.500000e+00	1.050000e+01	1.948000e-02	1.308167e-03	1.652211e-03
1.050000e+01	1.150000e+01	1.457000e-02	1.114002e-03	1.349741e-03
1.150000e+01	1.250000e+01	1.069000e-02	9.219544e-04	1.118034e-03
1.250000e+01	1.350000e+01	7.690000e-03	7.203471e-04	9.060905e-04
1.350000e+01	1.450000e+01	5.500000e-03	5.508176e-04	7.061161e-04
1.450000e+01	1.550000e+01	3.960000e-03	4.301163e-04	5.457105e-04
1.550000e+01	1.650000e+01	2.890000e-03	3.383785e-04	4.148494e-04
1.650000e+01	1.750000e+01	2.112000e-03	2.746962e-04	3.257760e-04
1.750000e+01	1.850000e+01	1.544000e-03	2.237722e-04	2.668970e-04
1.850000e+01	1.950000e+01	1.118000e-03	1.907092e-04	2.292706e-04
1.950000e+01	2.050000e+01	7.520000e-04	1.601125e-04	1.904206e-04
2.050000e+01	2.350000e+01	3.350000e-04	8.134494e-05	9.646243e-05
2.350000e+01	2.850000e+01	9.800000e-05	2.505993e-05	3.417601e-05
# END HISTO1D


# BEGIN HISTO1D //home/ceskajak/Ups/Herwig/rivet_MinBias@900/HE_rivet_MinBias.yoda/CMS_2011_S8884919/d02-x01-y01
IsRef=1
LineColor=red
LineStyle=solid
Path=//home/ceskajak/Ups/Herwig/rivet_MinBias@900/HE_rivet_MinBias.yoda/CMS_2011_S8884919/d02-x01-y01
ScaledBy=1.81777309724061587e-07
Title=HE_rivet_MinBias
XLabel=~
YLabel=~
# xlow	 xhigh	 val	 errminus	 errplus
-5.000000e-01	5.000000e-01	2.723404e-01	1.872090e-04	1.872090e-04
5.000000e-01	1.500000e+00	1.390768e-01	1.464220e-04	1.464220e-04
1.500000e+00	2.500000e+00	1.389420e-01	1.483219e-04	1.483219e-04
2.500000e+00	3.500000e+00	1.157465e-01	1.346182e-04	1.346182e-04
3.500000e+00	4.500000e+00	8.665181e-02	1.112293e-04	1.112293e-04
4.500000e+00	5.500000e+00	6.235270e-02	1.362374e-04	1.362374e-04
5.500000e+00	6.500000e+00	4.521403e-02	1.238040e-04	1.238040e-04
6.500000e+00	7.500000e+00	3.346996e-02	6.897550e-05	6.897550e-05
7.500000e+00	8.500000e+00	2.517609e-02	6.361439e-05	6.361439e-05
8.500000e+00	9.500000e+00	1.916050e-02	5.651727e-05	5.651727e-05
9.500000e+00	1.050000e+01	1.469899e-02	4.564602e-05	4.564602e-05
1.050000e+01	1.150000e+01	1.137134e-02	4.140958e-05	4.140958e-05
1.150000e+01	1.250000e+01	8.685501e-03	3.512056e-05	3.512056e-05
1.250000e+01	1.350000e+01	6.665969e-03	3.175327e-05	3.175327e-05
1.350000e+01	1.450000e+01	5.135339e-03	2.699132e-05	2.699132e-05
1.450000e+01	1.550000e+01	3.886595e-03	2.461438e-05	2.461438e-05
1.550000e+01	1.650000e+01	2.973855e-03	2.057534e-05	2.057534e-05
1.650000e+01	1.750000e+01	2.237827e-03	1.772524e-05	1.772524e-05
1.750000e+01	1.850000e+01	1.686149e-03	1.545320e-05	1.545320e-05
1.850000e+01	1.950000e+01	1.233989e-03	1.321790e-05	1.321790e-05
1.950000e+01	2.050000e+01	8.931447e-04	1.127342e-05	1.127342e-05
2.050000e+01	2.350000e+01	5.085037e-04	4.896098e-06	4.896098e-06
2.350000e+01	2.850000e+01	1.461587e-04	2.026094e-06	2.026094e-06
# END HISTO1D

