# BEGIN PLOT
LegendOnly=/CMS_2011_S8884919/d03-x01-y01 //home/ceskajak/Ups/Herwig/rivet_MinBias@900/HE_rivet_MinBias.yoda/CMS_2011_S8884919/d03-x01-y01
DrawOnly=/CMS_2011_S8884919/d03-x01-y01 //home/ceskajak/Ups/Herwig/rivet_MinBias@900/HE_rivet_MinBias.yoda/CMS_2011_S8884919/d03-x01-y01
Title=Charged hadron multiplicity, $|\eta| < 1.0$, $\sqrt{s} = 0.9\,\text{TeV}$
RatioPlot=1
LogY=1
FullRange=1
RatioPlotReference=/CMS_2011_S8884919/d03-x01-y01
LegendXPos=0.7
XLabel=n
YLabel=$P_{n}$
Legend=1
# END PLOT

# BEGIN HISTO1D /CMS_2011_S8884919/d03-x01-y01
ConnectBins=0
ErrorBars=1
IsRef=1
Path=/CMS_2011_S8884919/d03-x01-y01
PolyMarker=*
Title=Data
# xlow	 xhigh	 val	 errminus	 errplus
-5.000000e-01	5.000000e-01	1.076000e-01	1.580285e-02	2.725949e-02
5.000000e-01	1.500000e+00	6.550000e-02	9.464143e-03	1.115437e-02
1.500000e+00	2.500000e+00	7.574000e-02	8.214195e-03	9.740395e-03
2.500000e+00	3.500000e+00	8.168000e-02	6.764266e-03	8.248079e-03
3.500000e+00	4.500000e+00	8.130000e-02	5.891664e-03	7.285582e-03
4.500000e+00	5.500000e+00	7.622000e-02	5.200240e-03	6.454340e-03
5.500000e+00	6.500000e+00	6.843000e-02	4.441734e-03	5.595159e-03
6.500000e+00	7.500000e+00	6.034000e-02	3.671512e-03	4.804040e-03
7.500000e+00	8.500000e+00	5.259000e-02	2.914944e-03	4.055046e-03
8.500000e+00	9.500000e+00	4.580000e-02	2.415057e-03	3.454417e-03
9.500000e+00	1.050000e+01	3.987000e-02	2.055432e-03	2.964456e-03
1.050000e+01	1.150000e+01	3.472000e-02	1.767060e-03	2.545584e-03
1.150000e+01	1.250000e+01	3.035000e-02	1.550032e-03	2.198045e-03
1.250000e+01	1.350000e+01	2.661000e-02	1.380036e-03	1.908743e-03
1.350000e+01	1.450000e+01	2.328000e-02	1.268464e-03	1.669042e-03
1.450000e+01	1.550000e+01	2.018000e-02	1.176308e-03	1.468911e-03
1.550000e+01	1.650000e+01	1.728000e-02	1.084159e-03	1.317953e-03
1.650000e+01	1.750000e+01	1.470000e-02	9.823441e-04	1.186634e-03
1.750000e+01	1.850000e+01	1.250000e-02	8.805680e-04	1.065129e-03
1.850000e+01	1.950000e+01	1.067000e-02	7.692204e-04	9.339165e-04
1.950000e+01	2.050000e+01	9.160000e-03	6.705222e-04	8.052329e-04
2.050000e+01	2.150000e+01	7.860000e-03	5.913544e-04	6.868042e-04
2.150000e+01	2.250000e+01	6.710000e-03	5.375872e-04	5.948109e-04
2.250000e+01	2.350000e+01	5.700000e-03	5.154610e-04	5.440588e-04
2.350000e+01	2.450000e+01	4.780000e-03	5.124451e-04	5.220153e-04
2.450000e+01	2.550000e+01	3.940000e-03	4.904080e-04	5.192302e-04
2.550000e+01	2.650000e+01	3.190000e-03	4.492215e-04	4.972927e-04
2.650000e+01	2.750000e+01	2.510000e-03	3.700000e-04	4.368066e-04
2.750000e+01	2.850000e+01	1.960000e-03	3.008322e-04	3.573514e-04
2.850000e+01	2.950000e+01	1.560000e-03	2.416609e-04	2.879236e-04
2.950000e+01	3.050000e+01	1.301000e-03	2.110853e-04	2.420021e-04
3.050000e+01	3.150000e+01	1.121000e-03	1.825294e-04	2.031059e-04
3.150000e+01	3.250000e+01	9.840000e-04	1.662077e-04	1.670748e-04
3.250000e+01	3.350000e+01	8.250000e-04	1.466322e-04	1.364588e-04
3.350000e+01	3.450000e+01	6.390000e-04	1.222988e-04	1.197080e-04
3.450000e+01	3.750000e+01	3.780000e-04	7.826238e-05	9.470480e-05
3.750000e+01	4.250000e+01	1.960000e-04	4.742362e-05	5.758472e-05
4.250000e+01	4.750000e+01	6.000000e-05	2.109502e-05	2.195450e-05
4.750000e+01	5.250000e+01	1.250000e-05	6.161980e-06	7.481310e-06
5.250000e+01	5.750000e+01	1.600000e-06	1.360147e-06	1.702939e-06
# END HISTO1D


# BEGIN HISTO1D //home/ceskajak/Ups/Herwig/rivet_MinBias@900/HE_rivet_MinBias.yoda/CMS_2011_S8884919/d03-x01-y01
IsRef=1
LineColor=red
LineStyle=solid
Path=//home/ceskajak/Ups/Herwig/rivet_MinBias@900/HE_rivet_MinBias.yoda/CMS_2011_S8884919/d03-x01-y01
ScaledBy=1.81777309724061587e-07
Title=HE_rivet_MinBias
XLabel=~
YLabel=~
# xlow	 xhigh	 val	 errminus	 errplus
-5.000000e-01	5.000000e-01	1.975472e-01	1.568230e-04	1.568230e-04
5.000000e-01	1.500000e+00	5.710240e-02	8.856722e-05	8.856722e-05
1.500000e+00	2.500000e+00	7.107802e-02	1.061200e-04	1.061200e-04
2.500000e+00	3.500000e+00	8.169026e-02	1.092707e-04	1.092707e-04
3.500000e+00	4.500000e+00	8.406763e-02	1.150212e-04	1.150212e-04
4.500000e+00	5.500000e+00	7.811482e-02	1.137846e-04	1.137846e-04
5.500000e+00	6.500000e+00	6.801028e-02	9.940638e-05	9.940638e-05
6.500000e+00	7.500000e+00	5.644254e-02	9.010183e-05	9.010183e-05
7.500000e+00	8.500000e+00	4.614206e-02	1.563910e-04	1.563910e-04
8.500000e+00	9.500000e+00	3.776466e-02	8.032939e-05	8.032939e-05
9.500000e+00	1.050000e+01	3.127530e-02	6.714084e-05	6.714084e-05
1.050000e+01	1.150000e+01	2.632043e-02	6.251476e-05	6.251476e-05
1.150000e+01	1.250000e+01	2.233386e-02	5.740229e-05	5.740229e-05
1.250000e+01	1.350000e+01	1.914038e-02	5.336692e-05	5.336692e-05
1.350000e+01	1.450000e+01	1.654794e-02	4.982410e-05	4.982410e-05
1.450000e+01	1.550000e+01	1.419855e-02	5.006908e-05	5.006908e-05
1.550000e+01	1.650000e+01	1.238575e-02	4.196762e-05	4.196762e-05
1.650000e+01	1.750000e+01	1.073309e-02	3.895013e-05	3.895013e-05
1.750000e+01	1.850000e+01	9.383112e-03	3.697353e-05	3.697353e-05
1.850000e+01	1.950000e+01	8.156060e-03	3.388841e-05	3.388841e-05
1.950000e+01	2.050000e+01	7.121005e-03	3.191659e-05	3.191659e-05
2.050000e+01	2.150000e+01	6.226173e-03	2.975361e-05	2.975361e-05
2.150000e+01	2.250000e+01	5.364642e-03	3.331554e-05	3.331554e-05
2.250000e+01	2.350000e+01	4.631797e-03	2.549940e-05	2.549940e-05
2.350000e+01	2.450000e+01	4.051545e-03	2.397728e-05	2.397728e-05
2.450000e+01	2.550000e+01	3.497279e-03	2.222084e-05	2.222084e-05
2.550000e+01	2.650000e+01	3.032486e-03	2.063258e-05	2.063258e-05
2.650000e+01	2.750000e+01	2.630800e-03	2.112876e-05	2.112876e-05
2.750000e+01	2.850000e+01	2.260828e-03	1.779908e-05	1.779908e-05
2.850000e+01	2.950000e+01	1.947297e-03	1.814396e-05	1.814396e-05
2.950000e+01	3.050000e+01	1.682793e-03	1.544600e-05	1.544600e-05
3.050000e+01	3.150000e+01	1.430207e-03	1.424969e-05	1.424969e-05
3.150000e+01	3.250000e+01	1.230460e-03	1.321047e-05	1.321047e-05
3.250000e+01	3.350000e+01	1.057262e-03	1.222482e-05	1.222482e-05
3.350000e+01	3.450000e+01	8.989510e-04	1.144634e-05	1.144634e-05
3.450000e+01	3.750000e+01	6.289407e-04	5.449822e-06	5.449822e-06
3.750000e+01	4.250000e+01	3.239654e-04	3.062686e-06	3.062686e-06
4.250000e+01	4.750000e+01	1.279723e-04	1.889346e-06	1.889346e-06
4.750000e+01	5.250000e+01	4.684388e-05	1.144516e-06	1.144516e-06
5.250000e+01	5.750000e+01	1.709129e-05	7.055747e-07	7.055747e-07
# END HISTO1D

