# BEGIN PLOT
LegendOnly=/CMS_2011_S8884919/d05-x01-y01 //home/ceskajak/Ups/Herwig/rivet_MinBias@900/HE_rivet_MinBias.yoda/CMS_2011_S8884919/d05-x01-y01
DrawOnly=/CMS_2011_S8884919/d05-x01-y01 //home/ceskajak/Ups/Herwig/rivet_MinBias@900/HE_rivet_MinBias.yoda/CMS_2011_S8884919/d05-x01-y01
Title=Charged hadron multiplicity, $|\eta| < 2.0$, $\sqrt{s} = 0.9\,\text{TeV}$
RatioPlot=1
LogY=1
FullRange=1
RatioPlotReference=/CMS_2011_S8884919/d05-x01-y01
LegendXPos=0.7
XLabel=n
YLabel=$P_{n}$
Legend=1
# END PLOT

# BEGIN HISTO1D /CMS_2011_S8884919/d05-x01-y01
ConnectBins=0
ErrorBars=1
IsRef=1
Path=/CMS_2011_S8884919/d05-x01-y01
PolyMarker=*
Title=Data
# xlow	 xhigh	 val	 errminus	 errplus
-5.000000e-01	5.000000e-01	5.610000e-02	1.767767e-02	9.323352e-02
5.000000e-01	1.500000e+00	2.321000e-02	3.660738e-03	4.710170e-03
1.500000e+00	2.500000e+00	2.645000e-02	5.079094e-03	5.736898e-03
2.500000e+00	3.500000e+00	3.100000e-02	6.069811e-03	6.618164e-03
3.500000e+00	4.500000e+00	3.620000e-02	6.147235e-03	6.715772e-03
4.500000e+00	5.500000e+00	4.081000e-02	5.458580e-03	6.096630e-03
5.500000e+00	6.500000e+00	4.402000e-02	4.473712e-03	5.190424e-03
6.500000e+00	7.500000e+00	4.548000e-02	3.597013e-03	4.362247e-03
7.500000e+00	8.500000e+00	4.592000e-02	3.456848e-03	4.172218e-03
8.500000e+00	9.500000e+00	4.515000e-02	3.228761e-03	3.913694e-03
9.500000e+00	1.050000e+01	4.342000e-02	2.979748e-03	3.644283e-03
1.050000e+01	1.150000e+01	4.101000e-02	2.739361e-03	3.363867e-03
1.150000e+01	1.250000e+01	3.836000e-02	2.540118e-03	3.114514e-03
1.250000e+01	1.350000e+01	3.573000e-02	2.313115e-03	2.876560e-03
1.350000e+01	1.450000e+01	3.316000e-02	2.057304e-03	2.629087e-03
1.450000e+01	1.550000e+01	3.079000e-02	1.820110e-03	2.390397e-03
1.550000e+01	1.650000e+01	2.868000e-02	1.632483e-03	2.181605e-03
1.650000e+01	1.750000e+01	2.679000e-02	1.484318e-03	2.002623e-03
1.750000e+01	1.850000e+01	2.506000e-02	1.372771e-03	1.851486e-03
1.850000e+01	1.950000e+01	2.343000e-02	1.287866e-03	1.728034e-03
1.950000e+01	2.050000e+01	2.187000e-02	1.217539e-03	1.608229e-03
2.050000e+01	2.150000e+01	2.039000e-02	1.127918e-03	1.478716e-03
2.150000e+01	2.250000e+01	1.901000e-02	1.041201e-03	1.361249e-03
2.250000e+01	2.350000e+01	1.780000e-02	9.741663e-04	1.253994e-03
2.350000e+01	2.450000e+01	1.668000e-02	9.360556e-04	1.176308e-03
2.450000e+01	2.550000e+01	1.556000e-02	9.139475e-04	1.115706e-03
2.550000e+01	2.650000e+01	1.445000e-02	9.013878e-04	1.084159e-03
2.650000e+01	2.750000e+01	1.334000e-02	8.697701e-04	1.033247e-03
2.750000e+01	2.850000e+01	1.229000e-02	8.190849e-04	9.630161e-04
2.850000e+01	2.950000e+01	1.132000e-02	7.433034e-04	9.244458e-04
2.950000e+01	3.050000e+01	1.045000e-02	6.741662e-04	8.352245e-04
3.050000e+01	3.150000e+01	9.670000e-03	6.239391e-04	6.989278e-04
3.150000e+01	3.250000e+01	8.960000e-03	5.961543e-04	6.519202e-04
3.250000e+01	3.350000e+01	8.290000e-03	5.830952e-04	6.203225e-04
3.350000e+01	3.450000e+01	7.630000e-03	5.738467e-04	6.109828e-04
3.450000e+01	3.550000e+01	6.990000e-03	5.515433e-04	5.887274e-04
3.550000e+01	3.650000e+01	6.370000e-03	5.292447e-04	5.664804e-04
3.650000e+01	3.750000e+01	5.780000e-03	4.976947e-04	5.348832e-04
3.750000e+01	3.850000e+01	5.270000e-03	4.609772e-04	4.976947e-04
3.850000e+01	3.950000e+01	4.820000e-03	4.295346e-04	4.477723e-04
3.950000e+01	4.050000e+01	4.410000e-03	4.024922e-04	4.204759e-04
4.050000e+01	4.150000e+01	4.120000e-03	4.386342e-04	3.935734e-04
4.150000e+01	4.250000e+01	3.630000e-03	3.712142e-04	3.981206e-04
4.250000e+01	4.350000e+01	3.280000e-03	3.667424e-04	3.848376e-04
4.350000e+01	4.450000e+01	2.920000e-03	3.624914e-04	3.807887e-04
4.450000e+01	4.550000e+01	2.610000e-03	3.534119e-04	3.716181e-04
4.550000e+01	4.650000e+01	2.330000e-03	3.310589e-04	3.584690e-04
4.650000e+01	4.750000e+01	2.090000e-03	3.130495e-04	3.492850e-04
4.750000e+01	4.850000e+01	1.850000e-03	2.817801e-04	3.178050e-04
4.850000e+01	4.950000e+01	1.640000e-03	2.555386e-04	2.906888e-04
4.950000e+01	5.050000e+01	1.460000e-03	2.332381e-04	2.505993e-04
5.050000e+01	5.150000e+01	1.310000e-03	2.163331e-04	2.247221e-04
5.150000e+01	5.250000e+01	1.170000e-03	1.860108e-04	2.024846e-04
5.250000e+01	5.350000e+01	1.060000e-03	1.640122e-04	1.802776e-04
5.350000e+01	5.450000e+01	9.700000e-04	1.562050e-04	1.640122e-04
5.450000e+01	5.550000e+01	8.900000e-04	1.562050e-04	1.640122e-04
5.550000e+01	5.650000e+01	8.200000e-04	1.548063e-04	1.564001e-04
5.650000e+01	5.850000e+01	6.630000e-04	1.395887e-04	1.422392e-04
5.850000e+01	6.150000e+01	4.530000e-04	1.075639e-04	1.028834e-04
6.150000e+01	7.150000e+01	2.120000e-04	6.676077e-05	6.868042e-05
7.150000e+01	8.150000e+01	7.700000e-05	2.996665e-05	3.361547e-05
8.150000e+01	9.150000e+01	1.120000e-05	6.551336e-06	7.071068e-06
# END HISTO1D


# BEGIN HISTO1D //home/ceskajak/Ups/Herwig/rivet_MinBias@900/HE_rivet_MinBias.yoda/CMS_2011_S8884919/d05-x01-y01
IsRef=1
LineColor=red
LineStyle=solid
Path=//home/ceskajak/Ups/Herwig/rivet_MinBias@900/HE_rivet_MinBias.yoda/CMS_2011_S8884919/d05-x01-y01
ScaledBy=1.81777309724061587e-07
Title=HE_rivet_MinBias
XLabel=~
YLabel=~
# xlow	 xhigh	 val	 errminus	 errplus
-5.000000e-01	5.000000e-01	1.482043e-01	1.348316e-04	1.348316e-04
5.000000e-01	1.500000e+00	2.548902e-02	5.633298e-05	5.633298e-05
1.500000e+00	2.500000e+00	2.527299e-02	6.162362e-05	6.162362e-05
2.500000e+00	3.500000e+00	2.823858e-02	6.205361e-05	6.205361e-05
3.500000e+00	4.500000e+00	3.449951e-02	6.872894e-05	6.872894e-05
4.500000e+00	5.500000e+00	4.010729e-02	7.558383e-05	7.558383e-05
5.500000e+00	6.500000e+00	4.576029e-02	8.771034e-05	8.771034e-05
6.500000e+00	7.500000e+00	4.868803e-02	8.515908e-05	8.515908e-05
7.500000e+00	8.500000e+00	5.001789e-02	8.833313e-05	8.833313e-05
8.500000e+00	9.500000e+00	4.840606e-02	8.301811e-05	8.301811e-05
9.500000e+00	1.050000e+01	4.558293e-02	8.303236e-05	8.303236e-05
1.050000e+01	1.150000e+01	4.155737e-02	8.376560e-05	8.376560e-05
1.150000e+01	1.250000e+01	3.757452e-02	7.826852e-05	7.826852e-05
1.250000e+01	1.350000e+01	3.327771e-02	7.378690e-05	7.378690e-05
1.350000e+01	1.450000e+01	2.953990e-02	1.133151e-04	1.133151e-04
1.450000e+01	1.550000e+01	2.639423e-02	6.151588e-05	6.151588e-05
1.550000e+01	1.650000e+01	2.357860e-02	5.802471e-05	5.802471e-05
1.650000e+01	1.750000e+01	2.125170e-02	5.515369e-05	5.515369e-05
1.750000e+01	1.850000e+01	1.928512e-02	5.491623e-05	5.491623e-05
1.850000e+01	1.950000e+01	1.769319e-02	1.051039e-04	1.051039e-04
1.950000e+01	2.050000e+01	1.610066e-02	4.799593e-05	4.799593e-05
2.050000e+01	2.150000e+01	1.477042e-02	4.565832e-05	4.565832e-05
2.150000e+01	2.250000e+01	1.351393e-02	4.395936e-05	4.395936e-05
2.250000e+01	2.350000e+01	1.238251e-02	5.348402e-05	5.348402e-05
2.350000e+01	2.450000e+01	1.137284e-02	4.037836e-05	4.037836e-05
2.450000e+01	2.550000e+01	1.052707e-02	3.902418e-05	3.902418e-05
2.550000e+01	2.650000e+01	9.776809e-03	3.794281e-05	3.794281e-05
2.650000e+01	2.750000e+01	9.054040e-03	3.627181e-05	3.627181e-05
2.750000e+01	2.850000e+01	8.273169e-03	3.471088e-05	3.471088e-05
2.850000e+01	2.950000e+01	7.731812e-03	3.435280e-05	3.435280e-05
2.950000e+01	3.050000e+01	7.175648e-03	4.003642e-05	4.003642e-05
3.050000e+01	3.150000e+01	6.640247e-03	3.064899e-05	3.064899e-05
3.150000e+01	3.250000e+01	6.222351e-03	2.968541e-05	2.968541e-05
3.250000e+01	3.350000e+01	5.750429e-03	2.867129e-05	2.867129e-05
3.350000e+01	3.450000e+01	5.300003e-03	2.760000e-05	2.760000e-05
3.450000e+01	3.550000e+01	4.910686e-03	2.631162e-05	2.631162e-05
3.550000e+01	3.650000e+01	4.633187e-03	2.558266e-05	2.558266e-05
3.650000e+01	3.750000e+01	4.232171e-03	2.452688e-05	2.452688e-05
3.750000e+01	3.850000e+01	3.949187e-03	2.385466e-05	2.385466e-05
3.850000e+01	3.950000e+01	3.672672e-03	2.271773e-05	2.271773e-05
3.950000e+01	4.050000e+01	3.381028e-03	2.207083e-05	2.207083e-05
4.050000e+01	4.150000e+01	3.209860e-03	2.141379e-05	2.141379e-05
4.150000e+01	4.250000e+01	2.979664e-03	2.060082e-05	2.060082e-05
4.250000e+01	4.350000e+01	2.724666e-03	1.954725e-05	1.954725e-05
4.350000e+01	4.450000e+01	2.543252e-03	2.000989e-05	2.000989e-05
4.450000e+01	4.550000e+01	2.356538e-03	1.972374e-05	1.972374e-05
4.550000e+01	4.650000e+01	2.212820e-03	1.761881e-05	1.761881e-05
4.650000e+01	4.750000e+01	2.007538e-03	1.681482e-05	1.681482e-05
4.750000e+01	4.850000e+01	1.853058e-03	2.470867e-05	2.470867e-05
4.850000e+01	4.950000e+01	1.713815e-03	1.559376e-05	1.559376e-05
4.950000e+01	5.050000e+01	1.615808e-03	1.506490e-05	1.506490e-05
5.050000e+01	5.150000e+01	1.467709e-03	1.441862e-05	1.441862e-05
5.150000e+01	5.250000e+01	1.343402e-03	1.369737e-05	1.369737e-05
5.250000e+01	5.350000e+01	1.237503e-03	1.322209e-05	1.322209e-05
5.350000e+01	5.450000e+01	1.154840e-03	1.279382e-05	1.279382e-05
5.450000e+01	5.550000e+01	1.041739e-03	1.207096e-05	1.207096e-05
5.550000e+01	5.650000e+01	9.709947e-04	1.175451e-05	1.175451e-05
5.650000e+01	5.850000e+01	8.520215e-04	8.668472e-06	8.668472e-06
5.850000e+01	6.150000e+01	6.917083e-04	5.754040e-06	5.754040e-06
6.150000e+01	7.150000e+01	3.886154e-04	2.348663e-06	2.348663e-06
7.150000e+01	8.150000e+01	1.436798e-04	1.445799e-06	1.445799e-06
8.150000e+01	9.150000e+01	4.862366e-05	8.266311e-07	8.266311e-07
# END HISTO1D

