# BEGIN PLOT
LegendOnly=/CMS_2011_S8884919/d03-x01-y01 //home/ceskajak/Ups/Herwig/rivet_MinBias_noSD/HE_rivet_MinBias_noSD.yoda/CMS_2011_S8884919/d03-x01-y01
DrawOnly=/CMS_2011_S8884919/d03-x01-y01 //home/ceskajak/Ups/Herwig/rivet_MinBias_noSD/HE_rivet_MinBias_noSD.yoda/CMS_2011_S8884919/d03-x01-y01
Title=Charged hadron multiplicity, $|\eta| < 1.0$, $\sqrt{s} = 0.9\,\text{TeV}$
RatioPlot=1
LogY=1
FullRange=1
RatioPlotReference=/CMS_2011_S8884919/d03-x01-y01
LegendXPos=0.7
XLabel=n
YLabel=$P_{n}$
Legend=1
# END PLOT

# BEGIN HISTO1D /CMS_2011_S8884919/d03-x01-y01
ConnectBins=0
ErrorBars=1
IsRef=1
Path=/CMS_2011_S8884919/d03-x01-y01
PolyMarker=*
Title=Data
# xlow	 xhigh	 val	 errminus	 errplus
-5.000000e-01	5.000000e-01	1.076000e-01	1.580285e-02	2.725949e-02
5.000000e-01	1.500000e+00	6.550000e-02	9.464143e-03	1.115437e-02
1.500000e+00	2.500000e+00	7.574000e-02	8.214195e-03	9.740395e-03
2.500000e+00	3.500000e+00	8.168000e-02	6.764266e-03	8.248079e-03
3.500000e+00	4.500000e+00	8.130000e-02	5.891664e-03	7.285582e-03
4.500000e+00	5.500000e+00	7.622000e-02	5.200240e-03	6.454340e-03
5.500000e+00	6.500000e+00	6.843000e-02	4.441734e-03	5.595159e-03
6.500000e+00	7.500000e+00	6.034000e-02	3.671512e-03	4.804040e-03
7.500000e+00	8.500000e+00	5.259000e-02	2.914944e-03	4.055046e-03
8.500000e+00	9.500000e+00	4.580000e-02	2.415057e-03	3.454417e-03
9.500000e+00	1.050000e+01	3.987000e-02	2.055432e-03	2.964456e-03
1.050000e+01	1.150000e+01	3.472000e-02	1.767060e-03	2.545584e-03
1.150000e+01	1.250000e+01	3.035000e-02	1.550032e-03	2.198045e-03
1.250000e+01	1.350000e+01	2.661000e-02	1.380036e-03	1.908743e-03
1.350000e+01	1.450000e+01	2.328000e-02	1.268464e-03	1.669042e-03
1.450000e+01	1.550000e+01	2.018000e-02	1.176308e-03	1.468911e-03
1.550000e+01	1.650000e+01	1.728000e-02	1.084159e-03	1.317953e-03
1.650000e+01	1.750000e+01	1.470000e-02	9.823441e-04	1.186634e-03
1.750000e+01	1.850000e+01	1.250000e-02	8.805680e-04	1.065129e-03
1.850000e+01	1.950000e+01	1.067000e-02	7.692204e-04	9.339165e-04
1.950000e+01	2.050000e+01	9.160000e-03	6.705222e-04	8.052329e-04
2.050000e+01	2.150000e+01	7.860000e-03	5.913544e-04	6.868042e-04
2.150000e+01	2.250000e+01	6.710000e-03	5.375872e-04	5.948109e-04
2.250000e+01	2.350000e+01	5.700000e-03	5.154610e-04	5.440588e-04
2.350000e+01	2.450000e+01	4.780000e-03	5.124451e-04	5.220153e-04
2.450000e+01	2.550000e+01	3.940000e-03	4.904080e-04	5.192302e-04
2.550000e+01	2.650000e+01	3.190000e-03	4.492215e-04	4.972927e-04
2.650000e+01	2.750000e+01	2.510000e-03	3.700000e-04	4.368066e-04
2.750000e+01	2.850000e+01	1.960000e-03	3.008322e-04	3.573514e-04
2.850000e+01	2.950000e+01	1.560000e-03	2.416609e-04	2.879236e-04
2.950000e+01	3.050000e+01	1.301000e-03	2.110853e-04	2.420021e-04
3.050000e+01	3.150000e+01	1.121000e-03	1.825294e-04	2.031059e-04
3.150000e+01	3.250000e+01	9.840000e-04	1.662077e-04	1.670748e-04
3.250000e+01	3.350000e+01	8.250000e-04	1.466322e-04	1.364588e-04
3.350000e+01	3.450000e+01	6.390000e-04	1.222988e-04	1.197080e-04
3.450000e+01	3.750000e+01	3.780000e-04	7.826238e-05	9.470480e-05
3.750000e+01	4.250000e+01	1.960000e-04	4.742362e-05	5.758472e-05
4.250000e+01	4.750000e+01	6.000000e-05	2.109502e-05	2.195450e-05
4.750000e+01	5.250000e+01	1.250000e-05	6.161980e-06	7.481310e-06
5.250000e+01	5.750000e+01	1.600000e-06	1.360147e-06	1.702939e-06
# END HISTO1D


# BEGIN HISTO1D //home/ceskajak/Ups/Herwig/rivet_MinBias_noSD/HE_rivet_MinBias_noSD.yoda/CMS_2011_S8884919/d03-x01-y01
IsRef=1
LineColor=red
LineStyle=solid
Path=//home/ceskajak/Ups/Herwig/rivet_MinBias_noSD/HE_rivet_MinBias_noSD.yoda/CMS_2011_S8884919/d03-x01-y01
ScaledBy=1.22124102847229421e-07
Title=HE_rivet_MinBias_noSD
XLabel=~
YLabel=~
# xlow	 xhigh	 val	 errminus	 errplus
-5.000000e-01	5.000000e-01	5.682944e-02	8.768509e-05	8.768509e-05
5.000000e-01	1.500000e+00	5.029733e-02	8.341000e-05	8.341000e-05
1.500000e+00	2.500000e+00	7.555585e-02	1.028198e-04	1.028198e-04
2.500000e+00	3.500000e+00	9.365227e-02	1.285479e-04	1.285479e-04
3.500000e+00	4.500000e+00	9.975662e-02	1.192444e-04	1.192444e-04
4.500000e+00	5.500000e+00	9.427772e-02	1.128386e-04	1.128386e-04
5.500000e+00	6.500000e+00	8.261422e-02	1.354970e-04	1.354970e-04
6.500000e+00	7.500000e+00	6.869840e-02	1.082885e-04	1.082885e-04
7.500000e+00	8.500000e+00	5.610357e-02	8.715618e-05	8.715618e-05
8.500000e+00	9.500000e+00	4.569639e-02	8.066676e-05	8.066676e-05
9.500000e+00	1.050000e+01	3.821093e-02	8.214596e-05	8.214596e-05
1.050000e+01	1.150000e+01	3.209764e-02	9.156729e-05	9.156729e-05
1.150000e+01	1.250000e+01	2.725288e-02	1.294590e-04	1.294590e-04
1.250000e+01	1.350000e+01	2.350202e-02	5.568643e-05	5.568643e-05
1.350000e+01	1.450000e+01	2.032937e-02	5.206468e-05	5.206468e-05
1.450000e+01	1.550000e+01	1.777038e-02	4.915953e-05	4.915953e-05
1.550000e+01	1.650000e+01	1.539438e-02	4.535490e-05	4.535490e-05
1.650000e+01	1.750000e+01	1.360555e-02	8.621520e-05	8.621520e-05
1.750000e+01	1.850000e+01	1.179370e-02	3.946604e-05	3.946604e-05
1.850000e+01	1.950000e+01	1.025161e-02	3.690713e-05	3.690713e-05
1.950000e+01	2.050000e+01	8.960224e-03	3.447654e-05	3.447654e-05
2.050000e+01	2.150000e+01	7.843304e-03	3.285476e-05	3.285476e-05
2.150000e+01	2.250000e+01	6.822852e-03	3.021237e-05	3.021237e-05
2.250000e+01	2.350000e+01	5.962130e-03	2.825529e-05	2.825529e-05
2.350000e+01	2.450000e+01	5.221959e-03	2.716792e-05	2.716792e-05
2.450000e+01	2.550000e+01	4.528787e-03	2.473302e-05	2.473302e-05
2.550000e+01	2.650000e+01	3.906577e-03	4.362482e-05	4.362482e-05
2.650000e+01	2.750000e+01	3.409300e-03	2.133841e-05	2.133841e-05
2.750000e+01	2.850000e+01	2.930647e-03	1.995983e-05	1.995983e-05
2.850000e+01	2.950000e+01	2.529451e-03	1.826615e-05	1.826615e-05
2.950000e+01	3.050000e+01	2.155922e-03	1.696608e-05	1.696608e-05
3.050000e+01	3.150000e+01	1.901296e-03	1.591058e-05	1.591058e-05
3.150000e+01	3.250000e+01	1.600353e-03	1.454170e-05	1.454170e-05
3.250000e+01	3.350000e+01	1.387481e-03	2.306370e-05	2.306370e-05
3.350000e+01	3.450000e+01	1.155805e-03	1.226903e-05	1.226903e-05
3.450000e+01	3.750000e+01	8.379843e-04	6.052973e-06	6.052973e-06
3.750000e+01	4.250000e+01	4.317342e-04	3.531142e-06	3.531142e-06
4.250000e+01	4.750000e+01	1.696366e-04	2.120998e-06	2.120998e-06
4.750000e+01	5.250000e+01	6.198932e-05	1.268083e-06	1.268083e-06
5.250000e+01	5.750000e+01	2.228246e-05	7.711010e-07	7.711010e-07
# END HISTO1D

