# BEGIN PLOT
LegendOnly=/CMS_2011_S8884919/d04-x01-y01 //home/ceskajak/Ups/Herwig/rivet_MinBias_noSD/HE_rivet_MinBias_noSD.yoda/CMS_2011_S8884919/d04-x01-y01
DrawOnly=/CMS_2011_S8884919/d04-x01-y01 //home/ceskajak/Ups/Herwig/rivet_MinBias_noSD/HE_rivet_MinBias_noSD.yoda/CMS_2011_S8884919/d04-x01-y01
Title=Charged hadron multiplicity, $|\eta| < 1.5$, $\sqrt{s} = 0.9\,\text{TeV}$
RatioPlot=1
LogY=1
FullRange=1
RatioPlotReference=/CMS_2011_S8884919/d04-x01-y01
LegendXPos=0.7
XLabel=n
YLabel=$P_{n}$
Legend=1
# END PLOT

# BEGIN HISTO1D /CMS_2011_S8884919/d04-x01-y01
ConnectBins=0
ErrorBars=1
IsRef=1
Path=/CMS_2011_S8884919/d04-x01-y01
PolyMarker=*
Title=Data
# xlow	 xhigh	 val	 errminus	 errplus
-5.000000e-01	5.000000e-01	7.530000e-02	1.452481e-02	3.405305e-02
5.000000e-01	1.500000e+00	3.557000e-02	6.150715e-03	7.249897e-03
1.500000e+00	2.500000e+00	4.347000e-02	6.900384e-03	7.817986e-03
2.500000e+00	3.500000e+00	5.068000e-02	6.894440e-03	7.751729e-03
3.500000e+00	4.500000e+00	5.566000e-02	6.012529e-03	6.919566e-03
4.500000e+00	5.500000e+00	5.786000e-02	4.686747e-03	5.711926e-03
5.500000e+00	6.500000e+00	5.835000e-02	4.288088e-03	5.232991e-03
6.500000e+00	7.500000e+00	5.688000e-02	3.967934e-03	4.813003e-03
7.500000e+00	8.500000e+00	5.348000e-02	3.528810e-03	4.353321e-03
8.500000e+00	9.500000e+00	4.890000e-02	3.119776e-03	3.883877e-03
9.500000e+00	1.050000e+01	4.422000e-02	2.712711e-03	3.445693e-03
1.050000e+01	1.150000e+01	4.002000e-02	2.322972e-03	3.054996e-03
1.150000e+01	1.250000e+01	3.647000e-02	2.033937e-03	2.725234e-03
1.250000e+01	1.350000e+01	3.337000e-02	1.786645e-03	2.436740e-03
1.350000e+01	1.450000e+01	3.055000e-02	1.591257e-03	2.189795e-03
1.450000e+01	1.550000e+01	2.797000e-02	1.450414e-03	1.969568e-03
1.550000e+01	1.650000e+01	2.556000e-02	1.341231e-03	1.790670e-03
1.650000e+01	1.750000e+01	2.329000e-02	1.249080e-03	1.639573e-03
1.750000e+01	1.850000e+01	2.122000e-02	1.159483e-03	1.500300e-03
1.850000e+01	1.950000e+01	1.936000e-02	1.089312e-03	1.371022e-03
1.950000e+01	2.050000e+01	1.765000e-02	1.038460e-03	1.271220e-03
2.050000e+01	2.150000e+01	1.604000e-02	9.972462e-04	1.181271e-03
2.150000e+01	2.250000e+01	1.451000e-02	9.588013e-04	1.103540e-03
2.250000e+01	2.350000e+01	1.304000e-02	8.984431e-04	1.013903e-03
2.350000e+01	2.450000e+01	1.168000e-02	8.160882e-04	9.121403e-04
2.450000e+01	2.550000e+01	1.045000e-02	7.178440e-04	8.132035e-04
2.550000e+01	2.650000e+01	9.370000e-03	6.390618e-04	7.242237e-04
2.650000e+01	2.750000e+01	8.400000e-03	5.887274e-04	6.545991e-04
2.750000e+01	2.850000e+01	7.510000e-03	5.571355e-04	6.135145e-04
2.850000e+01	2.950000e+01	6.670000e-03	5.255473e-04	5.724509e-04
2.950000e+01	3.050000e+01	5.920000e-03	4.846648e-04	5.692100e-04
3.050000e+01	3.150000e+01	5.260000e-03	4.661545e-04	5.126402e-04
3.150000e+01	3.250000e+01	4.660000e-03	4.438468e-04	4.531004e-04
3.250000e+01	3.350000e+01	4.130000e-03	4.308132e-04	4.401136e-04
3.350000e+01	3.450000e+01	3.620000e-03	4.085340e-04	4.178516e-04
3.450000e+01	3.550000e+01	3.160000e-03	3.992493e-04	4.085340e-04
3.550000e+01	3.650000e+01	2.720000e-03	3.676955e-04	3.862642e-04
3.650000e+01	3.750000e+01	2.330000e-03	3.269557e-04	3.546830e-04
3.750000e+01	3.850000e+01	2.030000e-03	2.906888e-04	3.178050e-04
3.850000e+01	3.950000e+01	1.780000e-03	2.505993e-04	2.773085e-04
3.950000e+01	4.050000e+01	1.560000e-03	2.195450e-04	2.459675e-04
4.050000e+01	4.150000e+01	1.360000e-03	1.860108e-04	2.370654e-04
4.150000e+01	4.250000e+01	1.200000e-03	1.860108e-04	2.195450e-04
4.250000e+01	4.350000e+01	1.053000e-03	1.704230e-04	2.006888e-04
4.350000e+01	4.450000e+01	9.130000e-04	1.799806e-04	1.586443e-04
4.450000e+01	4.550000e+01	7.840000e-04	1.605895e-04	1.605895e-04
4.550000e+01	4.750000e+01	5.850000e-04	1.498566e-04	1.433876e-04
4.750000e+01	5.050000e+01	3.730000e-04	8.561542e-05	1.024597e-04
5.050000e+01	5.550000e+01	2.130000e-04	6.324555e-05	6.609841e-05
5.550000e+01	6.050000e+01	9.600000e-05	4.657252e-05	4.657252e-05
6.050000e+01	6.550000e+01	3.600000e-05	2.416609e-05	2.507987e-05
6.550000e+01	7.050000e+01	7.400000e-06	5.590170e-06	5.941380e-06
# END HISTO1D


# BEGIN HISTO1D //home/ceskajak/Ups/Herwig/rivet_MinBias_noSD/HE_rivet_MinBias_noSD.yoda/CMS_2011_S8884919/d04-x01-y01
IsRef=1
LineColor=red
LineStyle=solid
Path=//home/ceskajak/Ups/Herwig/rivet_MinBias_noSD/HE_rivet_MinBias_noSD.yoda/CMS_2011_S8884919/d04-x01-y01
ScaledBy=1.22124102847229421e-07
Title=HE_rivet_MinBias_noSD
XLabel=~
YLabel=~
# xlow	 xhigh	 val	 errminus	 errplus
-5.000000e-01	5.000000e-01	3.576723e-02	6.941934e-05	6.941934e-05
5.000000e-01	1.500000e+00	2.101054e-02	5.466167e-05	5.466167e-05
1.500000e+00	2.500000e+00	3.275730e-02	6.651077e-05	6.651077e-05
2.500000e+00	3.500000e+00	4.684779e-02	7.950569e-05	7.950569e-05
3.500000e+00	4.500000e+00	6.093198e-02	1.113607e-04	1.113607e-04
4.500000e+00	5.500000e+00	6.980959e-02	9.687476e-05	9.687476e-05
5.500000e+00	6.500000e+00	7.394381e-02	1.005163e-04	1.005163e-04
6.500000e+00	7.500000e+00	7.216611e-02	1.019360e-04	1.019360e-04
7.500000e+00	8.500000e+00	6.659375e-02	9.799034e-05	9.799034e-05
8.500000e+00	9.500000e+00	5.889596e-02	8.921216e-05	8.921216e-05
9.500000e+00	1.050000e+01	5.101738e-02	8.380271e-05	8.380271e-05
1.050000e+01	1.150000e+01	4.367361e-02	7.645606e-05	7.645606e-05
1.150000e+01	1.250000e+01	3.766222e-02	9.414061e-05	9.414061e-05
1.250000e+01	1.350000e+01	3.287773e-02	1.085626e-04	1.085626e-04
1.350000e+01	1.450000e+01	2.882863e-02	6.460497e-05	6.460497e-05
1.450000e+01	1.550000e+01	2.570916e-02	8.458742e-05	8.458742e-05
1.550000e+01	1.650000e+01	2.281497e-02	5.704901e-05	5.704901e-05
1.650000e+01	1.750000e+01	2.044422e-02	5.214972e-05	5.214972e-05
1.750000e+01	1.850000e+01	1.839325e-02	8.623772e-05	8.623772e-05
1.850000e+01	1.950000e+01	1.661423e-02	1.005320e-04	1.005320e-04
1.950000e+01	2.050000e+01	1.508028e-02	4.482787e-05	4.482787e-05
2.050000e+01	2.150000e+01	1.364445e-02	4.973822e-05	4.973822e-05
2.150000e+01	2.250000e+01	1.246450e-02	4.056678e-05	4.056678e-05
2.250000e+01	2.350000e+01	1.129838e-02	8.008432e-05	8.008432e-05
2.350000e+01	2.450000e+01	1.035066e-02	3.855461e-05	3.855461e-05
2.450000e+01	2.550000e+01	9.407495e-03	3.544723e-05	3.544723e-05
2.550000e+01	2.650000e+01	8.568603e-03	3.359237e-05	3.359237e-05
2.650000e+01	2.750000e+01	7.820730e-03	3.292262e-05	3.292262e-05
2.750000e+01	2.850000e+01	7.094622e-03	3.084210e-05	3.084210e-05
2.850000e+01	2.950000e+01	6.493310e-03	2.930178e-05	2.930178e-05
2.950000e+01	3.050000e+01	5.980551e-03	3.003257e-05	3.003257e-05
3.050000e+01	3.150000e+01	5.366364e-03	2.655540e-05	2.655540e-05
3.150000e+01	3.250000e+01	4.891381e-03	2.529044e-05	2.529044e-05
3.250000e+01	3.350000e+01	4.490106e-03	2.434288e-05	2.434288e-05
3.350000e+01	3.450000e+01	4.102001e-03	2.348705e-05	2.348705e-05
3.450000e+01	3.550000e+01	3.694086e-03	2.219306e-05	2.219306e-05
3.550000e+01	3.650000e+01	3.299139e-03	2.214532e-05	2.214532e-05
3.650000e+01	3.750000e+01	3.016801e-03	2.004192e-05	2.004192e-05
3.750000e+01	3.850000e+01	2.782608e-03	1.947401e-05	1.947401e-05
3.850000e+01	3.950000e+01	2.498471e-03	1.822003e-05	1.822003e-05
3.950000e+01	4.050000e+01	2.205060e-03	4.111837e-05	4.111837e-05
4.050000e+01	4.150000e+01	1.995075e-03	1.616505e-05	1.616505e-05
4.150000e+01	4.250000e+01	1.829150e-03	1.549728e-05	1.549728e-05
4.250000e+01	4.350000e+01	1.648713e-03	1.524567e-05	1.524567e-05
4.350000e+01	4.450000e+01	1.501903e-03	1.407190e-05	1.407190e-05
4.450000e+01	4.550000e+01	1.346137e-03	1.320459e-05	1.320459e-05
4.550000e+01	4.750000e+01	1.135224e-03	8.604524e-06	8.604524e-06
4.750000e+01	5.050000e+01	8.528283e-04	6.101279e-06	6.101279e-06
5.050000e+01	5.550000e+01	5.383694e-04	5.305748e-06	5.305748e-06
5.550000e+01	6.050000e+01	2.890862e-04	2.892593e-06	2.892593e-06
6.050000e+01	6.550000e+01	1.455069e-04	2.031616e-06	2.031616e-06
6.550000e+01	7.050000e+01	7.373124e-05	1.390778e-06	1.390778e-06
# END HISTO1D

