# BEGIN PLOT
LegendOnly=/CMS_2011_S8884919/d05-x01-y01 //home/ceskajak/Ups/PYTHIA/rivet_MinBias/PY_rivet_MinBias.yoda/CMS_2011_S8884919/d05-x01-y01
DrawOnly=/CMS_2011_S8884919/d05-x01-y01 //home/ceskajak/Ups/PYTHIA/rivet_MinBias/PY_rivet_MinBias.yoda/CMS_2011_S8884919/d05-x01-y01
Title=Charged hadron multiplicity, $|\eta| < 2.0$, $\sqrt{s} = 0.9\,\text{TeV}$
RatioPlot=1
LogY=1
FullRange=1
RatioPlotReference=/CMS_2011_S8884919/d05-x01-y01
LegendXPos=0.7
XLabel=n
YLabel=$P_{n}$
Legend=1
# END PLOT

# BEGIN HISTO1D /CMS_2011_S8884919/d05-x01-y01
ConnectBins=0
ErrorBars=1
IsRef=1
Path=/CMS_2011_S8884919/d05-x01-y01
PolyMarker=*
Title=Data
# xlow	 xhigh	 val	 errminus	 errplus
-5.000000e-01	5.000000e-01	5.610000e-02	1.767767e-02	9.323352e-02
5.000000e-01	1.500000e+00	2.321000e-02	3.660738e-03	4.710170e-03
1.500000e+00	2.500000e+00	2.645000e-02	5.079094e-03	5.736898e-03
2.500000e+00	3.500000e+00	3.100000e-02	6.069811e-03	6.618164e-03
3.500000e+00	4.500000e+00	3.620000e-02	6.147235e-03	6.715772e-03
4.500000e+00	5.500000e+00	4.081000e-02	5.458580e-03	6.096630e-03
5.500000e+00	6.500000e+00	4.402000e-02	4.473712e-03	5.190424e-03
6.500000e+00	7.500000e+00	4.548000e-02	3.597013e-03	4.362247e-03
7.500000e+00	8.500000e+00	4.592000e-02	3.456848e-03	4.172218e-03
8.500000e+00	9.500000e+00	4.515000e-02	3.228761e-03	3.913694e-03
9.500000e+00	1.050000e+01	4.342000e-02	2.979748e-03	3.644283e-03
1.050000e+01	1.150000e+01	4.101000e-02	2.739361e-03	3.363867e-03
1.150000e+01	1.250000e+01	3.836000e-02	2.540118e-03	3.114514e-03
1.250000e+01	1.350000e+01	3.573000e-02	2.313115e-03	2.876560e-03
1.350000e+01	1.450000e+01	3.316000e-02	2.057304e-03	2.629087e-03
1.450000e+01	1.550000e+01	3.079000e-02	1.820110e-03	2.390397e-03
1.550000e+01	1.650000e+01	2.868000e-02	1.632483e-03	2.181605e-03
1.650000e+01	1.750000e+01	2.679000e-02	1.484318e-03	2.002623e-03
1.750000e+01	1.850000e+01	2.506000e-02	1.372771e-03	1.851486e-03
1.850000e+01	1.950000e+01	2.343000e-02	1.287866e-03	1.728034e-03
1.950000e+01	2.050000e+01	2.187000e-02	1.217539e-03	1.608229e-03
2.050000e+01	2.150000e+01	2.039000e-02	1.127918e-03	1.478716e-03
2.150000e+01	2.250000e+01	1.901000e-02	1.041201e-03	1.361249e-03
2.250000e+01	2.350000e+01	1.780000e-02	9.741663e-04	1.253994e-03
2.350000e+01	2.450000e+01	1.668000e-02	9.360556e-04	1.176308e-03
2.450000e+01	2.550000e+01	1.556000e-02	9.139475e-04	1.115706e-03
2.550000e+01	2.650000e+01	1.445000e-02	9.013878e-04	1.084159e-03
2.650000e+01	2.750000e+01	1.334000e-02	8.697701e-04	1.033247e-03
2.750000e+01	2.850000e+01	1.229000e-02	8.190849e-04	9.630161e-04
2.850000e+01	2.950000e+01	1.132000e-02	7.433034e-04	9.244458e-04
2.950000e+01	3.050000e+01	1.045000e-02	6.741662e-04	8.352245e-04
3.050000e+01	3.150000e+01	9.670000e-03	6.239391e-04	6.989278e-04
3.150000e+01	3.250000e+01	8.960000e-03	5.961543e-04	6.519202e-04
3.250000e+01	3.350000e+01	8.290000e-03	5.830952e-04	6.203225e-04
3.350000e+01	3.450000e+01	7.630000e-03	5.738467e-04	6.109828e-04
3.450000e+01	3.550000e+01	6.990000e-03	5.515433e-04	5.887274e-04
3.550000e+01	3.650000e+01	6.370000e-03	5.292447e-04	5.664804e-04
3.650000e+01	3.750000e+01	5.780000e-03	4.976947e-04	5.348832e-04
3.750000e+01	3.850000e+01	5.270000e-03	4.609772e-04	4.976947e-04
3.850000e+01	3.950000e+01	4.820000e-03	4.295346e-04	4.477723e-04
3.950000e+01	4.050000e+01	4.410000e-03	4.024922e-04	4.204759e-04
4.050000e+01	4.150000e+01	4.120000e-03	4.386342e-04	3.935734e-04
4.150000e+01	4.250000e+01	3.630000e-03	3.712142e-04	3.981206e-04
4.250000e+01	4.350000e+01	3.280000e-03	3.667424e-04	3.848376e-04
4.350000e+01	4.450000e+01	2.920000e-03	3.624914e-04	3.807887e-04
4.450000e+01	4.550000e+01	2.610000e-03	3.534119e-04	3.716181e-04
4.550000e+01	4.650000e+01	2.330000e-03	3.310589e-04	3.584690e-04
4.650000e+01	4.750000e+01	2.090000e-03	3.130495e-04	3.492850e-04
4.750000e+01	4.850000e+01	1.850000e-03	2.817801e-04	3.178050e-04
4.850000e+01	4.950000e+01	1.640000e-03	2.555386e-04	2.906888e-04
4.950000e+01	5.050000e+01	1.460000e-03	2.332381e-04	2.505993e-04
5.050000e+01	5.150000e+01	1.310000e-03	2.163331e-04	2.247221e-04
5.150000e+01	5.250000e+01	1.170000e-03	1.860108e-04	2.024846e-04
5.250000e+01	5.350000e+01	1.060000e-03	1.640122e-04	1.802776e-04
5.350000e+01	5.450000e+01	9.700000e-04	1.562050e-04	1.640122e-04
5.450000e+01	5.550000e+01	8.900000e-04	1.562050e-04	1.640122e-04
5.550000e+01	5.650000e+01	8.200000e-04	1.548063e-04	1.564001e-04
5.650000e+01	5.850000e+01	6.630000e-04	1.395887e-04	1.422392e-04
5.850000e+01	6.150000e+01	4.530000e-04	1.075639e-04	1.028834e-04
6.150000e+01	7.150000e+01	2.120000e-04	6.676077e-05	6.868042e-05
7.150000e+01	8.150000e+01	7.700000e-05	2.996665e-05	3.361547e-05
8.150000e+01	9.150000e+01	1.120000e-05	6.551336e-06	7.071068e-06
# END HISTO1D


# BEGIN HISTO1D //home/ceskajak/Ups/PYTHIA/rivet_MinBias/PY_rivet_MinBias.yoda/CMS_2011_S8884919/d05-x01-y01
LineColor=red
LineStyle=solid
Path=//home/ceskajak/Ups/PYTHIA/rivet_MinBias/PY_rivet_MinBias.yoda/CMS_2011_S8884919/d05-x01-y01
ScaledBy=4.46630992769436831e-10
Title=PY_rivet_MinBias
XLabel=~
YLabel=~
# xlow	 xhigh	 val	 errminus	 errplus
-5.000000e-01	5.000000e-01	1.875846e-02	2.894497e-06	2.894497e-06
5.000000e-01	1.500000e+00	5.662144e-03	1.590248e-06	1.590248e-06
1.500000e+00	2.500000e+00	5.198169e-03	1.523700e-06	1.523700e-06
2.500000e+00	3.500000e+00	6.189470e-03	1.662651e-06	1.662651e-06
3.500000e+00	4.500000e+00	7.516393e-03	1.832227e-06	1.832227e-06
4.500000e+00	5.500000e+00	1.057429e-02	2.173202e-06	2.173202e-06
5.500000e+00	6.500000e+00	1.366318e-02	2.470304e-06	2.470304e-06
6.500000e+00	7.500000e+00	1.619676e-02	2.689605e-06	2.689605e-06
7.500000e+00	8.500000e+00	1.866095e-02	2.886963e-06	2.886963e-06
8.500000e+00	9.500000e+00	1.985909e-02	2.978201e-06	2.978201e-06
9.500000e+00	1.050000e+01	2.037950e-02	3.016972e-06	3.016972e-06
1.050000e+01	1.150000e+01	1.998501e-02	2.987628e-06	2.987628e-06
1.150000e+01	1.250000e+01	1.846402e-02	2.871690e-06	2.871690e-06
1.250000e+01	1.350000e+01	1.720475e-02	2.772035e-06	2.772035e-06
1.350000e+01	1.450000e+01	1.591006e-02	2.665694e-06	2.665694e-06
1.450000e+01	1.550000e+01	1.491589e-02	2.581065e-06	2.581065e-06
1.550000e+01	1.650000e+01	1.438781e-02	2.534963e-06	2.534963e-06
1.650000e+01	1.750000e+01	1.326944e-02	2.434450e-06	2.434450e-06
1.750000e+01	1.850000e+01	1.288613e-02	2.399030e-06	2.399030e-06
1.850000e+01	1.950000e+01	1.307192e-02	2.416262e-06	2.416262e-06
1.950000e+01	2.050000e+01	1.313543e-02	2.422126e-06	2.422126e-06
2.050000e+01	2.150000e+01	1.299849e-02	2.409467e-06	2.409467e-06
2.150000e+01	2.250000e+01	1.287028e-02	2.397554e-06	2.397554e-06
2.250000e+01	2.350000e+01	1.268437e-02	2.380175e-06	2.380175e-06
2.350000e+01	2.450000e+01	1.271349e-02	2.382905e-06	2.382905e-06
2.450000e+01	2.550000e+01	1.275445e-02	2.386741e-06	2.386741e-06
2.550000e+01	2.650000e+01	1.223498e-02	2.337632e-06	2.337632e-06
2.650000e+01	2.750000e+01	1.270796e-02	2.382387e-06	2.382387e-06
2.750000e+01	2.850000e+01	1.206369e-02	2.321211e-06	2.321211e-06
2.850000e+01	2.950000e+01	1.236190e-02	2.349725e-06	2.349725e-06
2.950000e+01	3.050000e+01	1.193668e-02	2.308959e-06	2.308959e-06
3.050000e+01	3.150000e+01	1.171378e-02	2.287299e-06	2.287299e-06
3.150000e+01	3.250000e+01	1.197700e-02	2.312855e-06	2.312855e-06
3.250000e+01	3.350000e+01	1.188068e-02	2.303536e-06	2.303536e-06
3.350000e+01	3.450000e+01	1.194911e-02	2.310161e-06	2.310161e-06
3.450000e+01	3.550000e+01	1.183033e-02	2.298650e-06	2.298650e-06
3.550000e+01	3.650000e+01	1.166466e-02	2.282499e-06	2.282499e-06
3.650000e+01	3.750000e+01	1.122508e-02	2.239077e-06	2.239077e-06
3.750000e+01	3.850000e+01	1.122203e-02	2.238773e-06	2.238773e-06
3.850000e+01	3.950000e+01	1.188948e-02	2.304389e-06	2.304389e-06
3.950000e+01	4.050000e+01	1.114168e-02	2.230744e-06	2.230744e-06
4.050000e+01	4.150000e+01	1.154946e-02	2.271199e-06	2.271199e-06
4.150000e+01	4.250000e+01	1.235397e-02	2.348971e-06	2.348971e-06
4.250000e+01	4.350000e+01	1.151691e-02	2.267997e-06	2.267997e-06
4.350000e+01	4.450000e+01	1.150945e-02	2.267262e-06	2.267262e-06
4.450000e+01	4.550000e+01	1.109012e-02	2.225577e-06	2.225577e-06
4.550000e+01	4.650000e+01	1.123736e-02	2.240302e-06	2.240302e-06
4.650000e+01	4.750000e+01	1.232567e-02	2.346279e-06	2.346279e-06
4.750000e+01	4.850000e+01	1.090803e-02	2.207230e-06	2.207230e-06
4.850000e+01	4.950000e+01	1.108770e-02	2.225333e-06	2.225333e-06
4.950000e+01	5.050000e+01	1.055069e-02	2.170775e-06	2.170775e-06
5.050000e+01	5.150000e+01	1.127538e-02	2.244089e-06	2.244089e-06
5.150000e+01	5.250000e+01	1.113417e-02	2.229992e-06	2.229992e-06
5.250000e+01	5.350000e+01	1.136908e-02	2.253393e-06	2.253393e-06
5.350000e+01	5.450000e+01	1.050970e-02	2.166554e-06	2.166554e-06
5.450000e+01	5.550000e+01	1.082347e-02	2.198658e-06	2.198658e-06
5.550000e+01	5.650000e+01	1.029751e-02	2.144572e-06	2.144572e-06
5.650000e+01	5.850000e+01	9.751015e-03	1.475653e-06	1.475653e-06
5.850000e+01	6.150000e+01	1.001394e-02	1.221002e-06	1.221002e-06
6.150000e+01	7.150000e+01	8.726172e-03	6.242899e-07	6.242899e-07
7.150000e+01	8.150000e+01	6.425176e-03	5.356942e-07	5.356942e-07
8.150000e+01	9.150000e+01	4.108429e-03	4.283634e-07	4.283634e-07
# END HISTO1D

