# BEGIN PLOT
LegendOnly=/CMS_2011_S8884919/d05-x01-y01 //home/ceskajak/Ups/PYTHIA/rivet_MinBias_all_CR1/PY_rivet_MinBias_all_CR1.yoda/CMS_2011_S8884919/d05-x01-y01
DrawOnly=/CMS_2011_S8884919/d05-x01-y01 //home/ceskajak/Ups/PYTHIA/rivet_MinBias_all_CR1/PY_rivet_MinBias_all_CR1.yoda/CMS_2011_S8884919/d05-x01-y01
Title=Charged hadron multiplicity, $|\eta| < 2.0$, $\sqrt{s} = 0.9\,\text{TeV}$
RatioPlot=1
LogY=1
FullRange=1
RatioPlotReference=/CMS_2011_S8884919/d05-x01-y01
LegendXPos=0.7
XLabel=n
YLabel=$P_{n}$
Legend=1
# END PLOT

# BEGIN HISTO1D /CMS_2011_S8884919/d05-x01-y01
ConnectBins=0
ErrorBars=1
IsRef=1
Path=/CMS_2011_S8884919/d05-x01-y01
PolyMarker=*
Title=Data
# xlow	 xhigh	 val	 errminus	 errplus
-5.000000e-01	5.000000e-01	5.610000e-02	1.767767e-02	9.323352e-02
5.000000e-01	1.500000e+00	2.321000e-02	3.660738e-03	4.710170e-03
1.500000e+00	2.500000e+00	2.645000e-02	5.079094e-03	5.736898e-03
2.500000e+00	3.500000e+00	3.100000e-02	6.069811e-03	6.618164e-03
3.500000e+00	4.500000e+00	3.620000e-02	6.147235e-03	6.715772e-03
4.500000e+00	5.500000e+00	4.081000e-02	5.458580e-03	6.096630e-03
5.500000e+00	6.500000e+00	4.402000e-02	4.473712e-03	5.190424e-03
6.500000e+00	7.500000e+00	4.548000e-02	3.597013e-03	4.362247e-03
7.500000e+00	8.500000e+00	4.592000e-02	3.456848e-03	4.172218e-03
8.500000e+00	9.500000e+00	4.515000e-02	3.228761e-03	3.913694e-03
9.500000e+00	1.050000e+01	4.342000e-02	2.979748e-03	3.644283e-03
1.050000e+01	1.150000e+01	4.101000e-02	2.739361e-03	3.363867e-03
1.150000e+01	1.250000e+01	3.836000e-02	2.540118e-03	3.114514e-03
1.250000e+01	1.350000e+01	3.573000e-02	2.313115e-03	2.876560e-03
1.350000e+01	1.450000e+01	3.316000e-02	2.057304e-03	2.629087e-03
1.450000e+01	1.550000e+01	3.079000e-02	1.820110e-03	2.390397e-03
1.550000e+01	1.650000e+01	2.868000e-02	1.632483e-03	2.181605e-03
1.650000e+01	1.750000e+01	2.679000e-02	1.484318e-03	2.002623e-03
1.750000e+01	1.850000e+01	2.506000e-02	1.372771e-03	1.851486e-03
1.850000e+01	1.950000e+01	2.343000e-02	1.287866e-03	1.728034e-03
1.950000e+01	2.050000e+01	2.187000e-02	1.217539e-03	1.608229e-03
2.050000e+01	2.150000e+01	2.039000e-02	1.127918e-03	1.478716e-03
2.150000e+01	2.250000e+01	1.901000e-02	1.041201e-03	1.361249e-03
2.250000e+01	2.350000e+01	1.780000e-02	9.741663e-04	1.253994e-03
2.350000e+01	2.450000e+01	1.668000e-02	9.360556e-04	1.176308e-03
2.450000e+01	2.550000e+01	1.556000e-02	9.139475e-04	1.115706e-03
2.550000e+01	2.650000e+01	1.445000e-02	9.013878e-04	1.084159e-03
2.650000e+01	2.750000e+01	1.334000e-02	8.697701e-04	1.033247e-03
2.750000e+01	2.850000e+01	1.229000e-02	8.190849e-04	9.630161e-04
2.850000e+01	2.950000e+01	1.132000e-02	7.433034e-04	9.244458e-04
2.950000e+01	3.050000e+01	1.045000e-02	6.741662e-04	8.352245e-04
3.050000e+01	3.150000e+01	9.670000e-03	6.239391e-04	6.989278e-04
3.150000e+01	3.250000e+01	8.960000e-03	5.961543e-04	6.519202e-04
3.250000e+01	3.350000e+01	8.290000e-03	5.830952e-04	6.203225e-04
3.350000e+01	3.450000e+01	7.630000e-03	5.738467e-04	6.109828e-04
3.450000e+01	3.550000e+01	6.990000e-03	5.515433e-04	5.887274e-04
3.550000e+01	3.650000e+01	6.370000e-03	5.292447e-04	5.664804e-04
3.650000e+01	3.750000e+01	5.780000e-03	4.976947e-04	5.348832e-04
3.750000e+01	3.850000e+01	5.270000e-03	4.609772e-04	4.976947e-04
3.850000e+01	3.950000e+01	4.820000e-03	4.295346e-04	4.477723e-04
3.950000e+01	4.050000e+01	4.410000e-03	4.024922e-04	4.204759e-04
4.050000e+01	4.150000e+01	4.120000e-03	4.386342e-04	3.935734e-04
4.150000e+01	4.250000e+01	3.630000e-03	3.712142e-04	3.981206e-04
4.250000e+01	4.350000e+01	3.280000e-03	3.667424e-04	3.848376e-04
4.350000e+01	4.450000e+01	2.920000e-03	3.624914e-04	3.807887e-04
4.450000e+01	4.550000e+01	2.610000e-03	3.534119e-04	3.716181e-04
4.550000e+01	4.650000e+01	2.330000e-03	3.310589e-04	3.584690e-04
4.650000e+01	4.750000e+01	2.090000e-03	3.130495e-04	3.492850e-04
4.750000e+01	4.850000e+01	1.850000e-03	2.817801e-04	3.178050e-04
4.850000e+01	4.950000e+01	1.640000e-03	2.555386e-04	2.906888e-04
4.950000e+01	5.050000e+01	1.460000e-03	2.332381e-04	2.505993e-04
5.050000e+01	5.150000e+01	1.310000e-03	2.163331e-04	2.247221e-04
5.150000e+01	5.250000e+01	1.170000e-03	1.860108e-04	2.024846e-04
5.250000e+01	5.350000e+01	1.060000e-03	1.640122e-04	1.802776e-04
5.350000e+01	5.450000e+01	9.700000e-04	1.562050e-04	1.640122e-04
5.450000e+01	5.550000e+01	8.900000e-04	1.562050e-04	1.640122e-04
5.550000e+01	5.650000e+01	8.200000e-04	1.548063e-04	1.564001e-04
5.650000e+01	5.850000e+01	6.630000e-04	1.395887e-04	1.422392e-04
5.850000e+01	6.150000e+01	4.530000e-04	1.075639e-04	1.028834e-04
6.150000e+01	7.150000e+01	2.120000e-04	6.676077e-05	6.868042e-05
7.150000e+01	8.150000e+01	7.700000e-05	2.996665e-05	3.361547e-05
8.150000e+01	9.150000e+01	1.120000e-05	6.551336e-06	7.071068e-06
# END HISTO1D


# BEGIN HISTO1D //home/ceskajak/Ups/PYTHIA/rivet_MinBias_all_CR1/PY_rivet_MinBias_all_CR1.yoda/CMS_2011_S8884919/d05-x01-y01
LineColor=red
LineStyle=solid
Path=//home/ceskajak/Ups/PYTHIA/rivet_MinBias_all_CR1/PY_rivet_MinBias_all_CR1.yoda/CMS_2011_S8884919/d05-x01-y01
ScaledBy=3.74526513562969452e-10
Title=PY_rivet_MinBias_all_CR1
XLabel=~
YLabel=~
# xlow	 xhigh	 val	 errminus	 errplus
-5.000000e-01	5.000000e-01	1.812497e-02	2.605433e-06	2.605433e-06
5.000000e-01	1.500000e+00	6.142366e-03	1.516733e-06	1.516733e-06
1.500000e+00	2.500000e+00	6.067044e-03	1.507405e-06	1.507405e-06
2.500000e+00	3.500000e+00	6.438751e-03	1.552895e-06	1.552895e-06
3.500000e+00	4.500000e+00	7.673463e-03	1.695263e-06	1.695263e-06
4.500000e+00	5.500000e+00	9.591380e-03	1.895317e-06	1.895317e-06
5.500000e+00	6.500000e+00	1.148087e-02	2.073618e-06	2.073618e-06
6.500000e+00	7.500000e+00	1.333675e-02	2.234942e-06	2.234942e-06
7.500000e+00	8.500000e+00	1.508360e-02	2.376806e-06	2.376806e-06
8.500000e+00	9.500000e+00	1.578508e-02	2.431446e-06	2.431446e-06
9.500000e+00	1.050000e+01	1.619963e-02	2.463167e-06	2.463167e-06
1.050000e+01	1.150000e+01	1.575877e-02	2.429419e-06	2.429419e-06
1.150000e+01	1.250000e+01	1.515803e-02	2.382663e-06	2.382663e-06
1.250000e+01	1.350000e+01	1.479012e-02	2.353570e-06	2.353570e-06
1.350000e+01	1.450000e+01	1.420227e-02	2.306323e-06	2.306323e-06
1.450000e+01	1.550000e+01	1.397153e-02	2.287512e-06	2.287512e-06
1.550000e+01	1.650000e+01	1.372283e-02	2.267061e-06	2.267061e-06
1.650000e+01	1.750000e+01	1.358648e-02	2.255769e-06	2.255769e-06
1.750000e+01	1.850000e+01	1.336429e-02	2.237249e-06	2.237249e-06
1.850000e+01	1.950000e+01	1.323419e-02	2.226332e-06	2.226332e-06
1.950000e+01	2.050000e+01	1.339035e-02	2.239428e-06	2.239428e-06
2.050000e+01	2.150000e+01	1.346791e-02	2.245905e-06	2.245905e-06
2.150000e+01	2.250000e+01	1.336897e-02	2.237640e-06	2.237640e-06
2.250000e+01	2.350000e+01	1.333576e-02	2.234859e-06	2.234859e-06
2.350000e+01	2.450000e+01	1.331440e-02	2.233069e-06	2.233069e-06
2.450000e+01	2.550000e+01	1.312123e-02	2.216810e-06	2.216810e-06
2.550000e+01	2.650000e+01	1.327310e-02	2.229603e-06	2.229603e-06
2.650000e+01	2.750000e+01	1.306783e-02	2.212295e-06	2.212295e-06
2.750000e+01	2.850000e+01	1.295597e-02	2.202806e-06	2.202806e-06
2.850000e+01	2.950000e+01	1.299913e-02	2.206472e-06	2.206472e-06
2.950000e+01	3.050000e+01	1.322601e-02	2.225644e-06	2.225644e-06
3.050000e+01	3.150000e+01	1.306831e-02	2.212335e-06	2.212335e-06
3.150000e+01	3.250000e+01	1.278324e-02	2.188072e-06	2.188072e-06
3.250000e+01	3.350000e+01	1.289594e-02	2.197697e-06	2.197697e-06
3.350000e+01	3.450000e+01	1.327612e-02	2.229856e-06	2.229856e-06
3.450000e+01	3.550000e+01	1.263839e-02	2.175641e-06	2.175641e-06
3.550000e+01	3.650000e+01	1.289422e-02	2.197550e-06	2.197550e-06
3.650000e+01	3.750000e+01	1.258384e-02	2.170940e-06	2.170940e-06
3.750000e+01	3.850000e+01	1.271447e-02	2.182179e-06	2.182179e-06
3.850000e+01	3.950000e+01	1.282408e-02	2.191565e-06	2.191565e-06
3.950000e+01	4.050000e+01	1.245114e-02	2.159463e-06	2.159463e-06
4.050000e+01	4.150000e+01	1.257495e-02	2.170173e-06	2.170173e-06
4.150000e+01	4.250000e+01	1.256491e-02	2.169307e-06	2.169307e-06
4.250000e+01	4.350000e+01	1.255155e-02	2.168153e-06	2.168153e-06
4.350000e+01	4.450000e+01	1.243588e-02	2.158139e-06	2.158139e-06
4.450000e+01	4.550000e+01	1.242203e-02	2.156937e-06	2.156937e-06
4.550000e+01	4.650000e+01	1.224901e-02	2.141863e-06	2.141863e-06
4.650000e+01	4.750000e+01	1.242264e-02	2.156991e-06	2.156991e-06
4.750000e+01	4.850000e+01	1.234557e-02	2.150289e-06	2.150289e-06
4.850000e+01	4.950000e+01	1.209552e-02	2.128402e-06	2.128402e-06
4.950000e+01	5.050000e+01	1.185633e-02	2.107252e-06	2.107252e-06
5.050000e+01	5.150000e+01	1.146823e-02	2.072476e-06	2.072476e-06
5.150000e+01	5.250000e+01	1.200147e-02	2.120111e-06	2.120111e-06
5.250000e+01	5.350000e+01	1.154144e-02	2.079080e-06	2.079080e-06
5.350000e+01	5.450000e+01	1.169180e-02	2.092579e-06	2.092579e-06
5.450000e+01	5.550000e+01	1.132095e-02	2.059125e-06	2.059125e-06
5.550000e+01	5.650000e+01	1.142079e-02	2.068185e-06	2.068185e-06
5.650000e+01	5.850000e+01	1.091084e-02	1.429405e-06	1.429405e-06
5.850000e+01	6.150000e+01	1.051921e-02	1.145967e-06	1.145967e-06
6.150000e+01	7.150000e+01	9.158324e-03	5.856650e-07	5.856650e-07
7.150000e+01	8.150000e+01	6.444940e-03	4.913045e-07	4.913045e-07
8.150000e+01	9.150000e+01	3.793445e-03	3.769278e-07	3.769278e-07
# END HISTO1D

