# BEGIN PLOT
LegendOnly=/CMS_2011_S8884919/d20-x01-y01 //home/ceskajak/Ups/PYTHIA/rivet_MinBias_all_CR1/PY_rivet_MinBias_all_CR1.yoda/CMS_2011_S8884919/d20-x01-y01
DrawOnly=/CMS_2011_S8884919/d20-x01-y01 //home/ceskajak/Ups/PYTHIA/rivet_MinBias_all_CR1/PY_rivet_MinBias_all_CR1.yoda/CMS_2011_S8884919/d20-x01-y01
Title=Charged hadron multiplicity, $p_\perp > 500\,\text{GeV}$, $|\eta| < 2.4$, $\sqrt{s} = 0.9\,\text{TeV}$
RatioPlot=1
LogY=1
FullRange=1
RatioPlotReference=/CMS_2011_S8884919/d20-x01-y01
LegendXPos=0.7
XLabel=n
YLabel=$P_{n}$
Legend=1
# END PLOT

# BEGIN HISTO1D /CMS_2011_S8884919/d20-x01-y01
ConnectBins=0
ErrorBars=1
IsRef=1
Path=/CMS_2011_S8884919/d20-x01-y01
PolyMarker=*
Title=Data
# xlow	 xhigh	 val	 errminus	 errplus
-5.000000e-01	5.000000e-01	1.003000e-01	2.557069e-02	3.205636e-02
5.000000e-01	1.500000e+00	1.021000e-01	1.415980e-02	1.645144e-02
1.500000e+00	2.500000e+00	1.080000e-01	9.023774e-03	1.125706e-02
2.500000e+00	3.500000e+00	1.036800e-01	5.930202e-03	8.255986e-03
3.500000e+00	4.500000e+00	9.246000e-02	4.992494e-03	7.010200e-03
4.500000e+00	5.500000e+00	7.816000e-02	4.356145e-03	6.235198e-03
5.500000e+00	6.500000e+00	6.501000e-02	3.743541e-03	5.393227e-03
6.500000e+00	7.500000e+00	5.448000e-02	3.133943e-03	4.523450e-03
7.500000e+00	8.500000e+00	4.589000e-02	2.597537e-03	3.755862e-03
8.500000e+00	9.500000e+00	3.875000e-02	2.200454e-03	3.148142e-03
9.500000e+00	1.050000e+01	3.283000e-02	1.849459e-03	2.647414e-03
1.050000e+01	1.150000e+01	2.809000e-02	1.540292e-03	2.207918e-03
1.150000e+01	1.250000e+01	2.415000e-02	1.280625e-03	1.828223e-03
1.250000e+01	1.350000e+01	2.076000e-02	1.089312e-03	1.537596e-03
1.350000e+01	1.450000e+01	1.778000e-02	9.616652e-04	1.320038e-03
1.450000e+01	1.550000e+01	1.512000e-02	8.823265e-04	1.152085e-03
1.550000e+01	1.650000e+01	1.279000e-02	8.095678e-04	1.011385e-03
1.650000e+01	1.750000e+01	1.075000e-02	7.528612e-04	8.973851e-04
1.750000e+01	1.850000e+01	8.970000e-03	6.896376e-04	8.149233e-04
1.850000e+01	1.950000e+01	7.420000e-03	6.198387e-04	7.446476e-04
1.950000e+01	2.050000e+01	6.120000e-03	5.565968e-04	6.718631e-04
2.050000e+01	2.150000e+01	5.020000e-03	4.838388e-04	5.797413e-04
2.150000e+01	2.250000e+01	4.100000e-03	4.205948e-04	4.972927e-04
2.250000e+01	2.350000e+01	3.350000e-03	3.700000e-04	4.176123e-04
2.350000e+01	2.450000e+01	2.710000e-03	3.195309e-04	3.668787e-04
2.450000e+01	2.550000e+01	2.170000e-03	2.692582e-04	3.162278e-04
2.550000e+01	2.650000e+01	1.756000e-03	2.337349e-04	2.670880e-04
2.650000e+01	2.750000e+01	1.430000e-03	1.977296e-04	2.271057e-04
2.750000e+01	2.850000e+01	1.173000e-03	1.686001e-04	1.950000e-04
2.850000e+01	2.950000e+01	9.540000e-04	1.485295e-04	1.655295e-04
2.950000e+01	3.050000e+01	7.790000e-04	1.285029e-04	1.426639e-04
3.050000e+01	3.150000e+01	6.360000e-04	1.087842e-04	1.248119e-04
3.150000e+01	3.250000e+01	5.020000e-04	9.617692e-05	1.053091e-04
3.250000e+01	3.450000e+01	3.510000e-04	7.353911e-05	8.193290e-05
3.450000e+01	3.750000e+01	1.880000e-04	4.810405e-05	5.281098e-05
3.750000e+01	4.250000e+01	7.720000e-05	2.052754e-05	2.241986e-05
4.250000e+01	4.750000e+01	2.480000e-05	1.028251e-05	1.364844e-05
# END HISTO1D


# BEGIN HISTO1D //home/ceskajak/Ups/PYTHIA/rivet_MinBias_all_CR1/PY_rivet_MinBias_all_CR1.yoda/CMS_2011_S8884919/d20-x01-y01
LineColor=red
LineStyle=solid
Path=//home/ceskajak/Ups/PYTHIA/rivet_MinBias_all_CR1/PY_rivet_MinBias_all_CR1.yoda/CMS_2011_S8884919/d20-x01-y01
ScaledBy=3.74526513562969452e-10
Title=PY_rivet_MinBias_all_CR1
XLabel=~
YLabel=~
# xlow	 xhigh	 val	 errminus	 errplus
-5.000000e-01	5.000000e-01	3.023696e-02	3.365195e-06	3.365195e-06
5.000000e-01	1.500000e+00	2.713403e-02	3.187854e-06	3.187854e-06
1.500000e+00	2.500000e+00	3.426718e-02	3.582453e-06	3.582453e-06
2.500000e+00	3.500000e+00	3.680281e-02	3.712631e-06	3.712631e-06
3.500000e+00	4.500000e+00	3.638394e-02	3.691443e-06	3.691443e-06
4.500000e+00	5.500000e+00	3.465472e-02	3.602653e-06	3.602653e-06
5.500000e+00	6.500000e+00	3.222273e-02	3.473942e-06	3.473942e-06
6.500000e+00	7.500000e+00	3.071924e-02	3.391927e-06	3.391927e-06
7.500000e+00	8.500000e+00	2.968549e-02	3.334367e-06	3.334367e-06
8.500000e+00	9.500000e+00	2.788109e-02	3.231441e-06	3.231441e-06
9.500000e+00	1.050000e+01	2.726536e-02	3.195559e-06	3.195559e-06
1.050000e+01	1.150000e+01	2.625148e-02	3.135582e-06	3.135582e-06
1.150000e+01	1.250000e+01	2.551337e-02	3.091186e-06	3.091186e-06
1.250000e+01	1.350000e+01	2.507071e-02	3.064253e-06	3.064253e-06
1.350000e+01	1.450000e+01	2.379605e-02	2.985339e-06	2.985339e-06
1.450000e+01	1.550000e+01	2.377055e-02	2.983739e-06	2.983739e-06
1.550000e+01	1.650000e+01	2.297941e-02	2.933667e-06	2.933667e-06
1.650000e+01	1.750000e+01	2.255048e-02	2.906158e-06	2.906158e-06
1.750000e+01	1.850000e+01	2.226743e-02	2.887861e-06	2.887861e-06
1.850000e+01	1.950000e+01	2.158144e-02	2.843030e-06	2.843030e-06
1.950000e+01	2.050000e+01	2.139491e-02	2.830718e-06	2.830718e-06
2.050000e+01	2.150000e+01	2.112494e-02	2.812801e-06	2.812801e-06
2.150000e+01	2.250000e+01	2.068272e-02	2.783204e-06	2.783204e-06
2.250000e+01	2.350000e+01	2.029553e-02	2.757030e-06	2.757030e-06
2.350000e+01	2.450000e+01	1.989658e-02	2.729798e-06	2.729798e-06
2.450000e+01	2.550000e+01	1.932691e-02	2.690435e-06	2.690435e-06
2.550000e+01	2.650000e+01	1.951645e-02	2.703595e-06	2.703595e-06
2.650000e+01	2.750000e+01	1.878060e-02	2.652137e-06	2.652137e-06
2.750000e+01	2.850000e+01	1.846197e-02	2.629543e-06	2.629543e-06
2.850000e+01	2.950000e+01	1.714965e-02	2.534363e-06	2.534363e-06
2.950000e+01	3.050000e+01	1.738937e-02	2.552015e-06	2.552015e-06
3.050000e+01	3.150000e+01	1.645157e-02	2.482247e-06	2.482247e-06
3.150000e+01	3.250000e+01	1.588992e-02	2.439507e-06	2.439507e-06
3.250000e+01	3.450000e+01	1.495976e-02	1.673743e-06	1.673743e-06
3.450000e+01	3.750000e+01	1.308199e-02	1.277961e-06	1.277961e-06
3.750000e+01	4.250000e+01	1.004881e-02	8.675879e-07	8.675879e-07
4.250000e+01	4.750000e+01	6.766416e-03	7.119272e-07	7.119272e-07
# END HISTO1D

