87989646
66398510
17958243
4754050
15056350
5447363
39380374
66290198
89628852
41247173
28784420
84532315
64914237
25731123
46432422
87155654
90046941
95250049
36226113
65680882
13179871
79209686
19570680
92011305
21923550
22741992
11967796
5571274
7860658
71884222
70690375
64259719
99197619
3657723
77636752
76778868
55354878
59862560
7232394
8248799
47773657
39643696
2712998
67517772
81190953
78475347
18828842
62058062
49642490
3225508
73665636
2983381
66727978
19260326
97912654
66724223
4119209
88099959
330929
97743229
80293976
82837518
24997902
29212182
28280769
25974332
53159042
37278436
27575879
38547996
72092093
27022505
74842145
82439588
52348782
64021179
78331435
51129024
98794434
1176329
18198072
50427187
46059851
66540247
18502030
13953630
98049450
66932812
85384081
22996040
83220337
34581245
93177085
67446164
91492594
50772711
24600417
88167205
47130984
84132338
92836338
35089732
73567990
8309639
77177695
41222562
58638905
39578662
6705020
34448865
53096328
30331904
32392455
16764626
99436333
25852762
11684884
55717939
30235712
89662279
12250344
53971673
76497431
60806416
74107858
32018899
9824253
761945
74238773
93260295
19054599
95975839
51340754
89259051
49184629
84774327
85359885
96773120
84843391
61045246
2316304
82292202
89974570
64887948
33165501
25709142
81869191
57993925
69497867
84670156
63823758
49458938
89979853
50293646
35555573
62953485
81530338
96008619
62213988
16383469
38589445
46371809
76526641
98746628
56054629
95285032
50288138
38198203
83897556
10940248
53532432
92441688
28718167
36857948
36509792
706708
35616514
75778663
52594466
45863175
35521144
95265444
35820501
36249584
85149337
58988501
44556362
40789583
50384760
24171846
92602663
21196753
37646272
12265928
42006136
49073114
3005990
91479796
52013977
50029759
96928432
77148925
80120117
12856414
24699882
67963201
25489202
5088739
98627577
84599517
29845602
11834150
80312438
38761721
96091118
12157541
53273066
33380073
6003219
61987789
54644775
6804000
48230909
87671565
42798161
77087568
72605938
68151150
79482197
47071729
97450841
11744878
25140291
67585043
84891647
41083986
37810654
97724784
86959404
88941719
37775147
12510609
78098799
95942544
71899040
5023728
23940639
99971265
12229413
42007373
